0.000000,udp,443,S0,0,0,0,0,0,0,0,0,0,0,0,0,0,0,0,0,0,0,0,0,0.000000,0.000000,0.000000,0.000000,0.000000,0.000000,0.000000,0,0,0.000000,0.000000,0.000000,0.000000,0.000000,0.000000,0.000000,0.00000
0.040830,udp,443,SF,0,26,0,0,0,0,0,0,0,0,0,0,0,0,0,0,0,0,1,1,1.000000,1.000000,0.000000,0.000000,1.000000,0.000000,0.000000,1,1,1.000000,0.000000,1.000000,0.000000,1.000000,1.000000,0.000000,0.00000
0.000000,udp,5353,S0,0,0,0,0,0,0,0,0,0,0,0,0,0,0,0,0,0,0,0,0,0.000000,0.000000,0.000000,0.000000,0.000000,0.000000,0.000000,0,0,0.000000,0.000000,0.000000,0.000000,0.000000,0.000000,0.000000,0.00000
5.482679,tcp,443,OTH,299,1255,0,0,0,0,0,0,0,0,0,0,0,0,0,0,0,0,0,2,0.000000,0.500000,0.000000,0.000000,0.000000,0.000000,1.000000,0,2,0.000000,0.000000,0.000000,1.000000,0.000000,0.500000,0.000000,0.00000
0.241586,udp,443,SF,0,0,0,0,0,0,0,0,0,0,0,0,0,0,0,0,0,0,2,3,0.500000,0.333333,0.000000,0.000000,1.000000,0.000000,0.333333,2,3,1.000000,0.000000,0.500000,0.333333,0.500000,0.333333,0.000000,0.00000
0.000000,udp,5353,S0,0,0,0,0,0,0,0,0,0,0,0,0,0,0,0,0,0,0,1,1,1.000000,1.000000,0.000000,0.000000,1.000000,0.000000,0.000000,1,1,1.000000,0.000000,0.200000,0.000000,1.000000,1.000000,0.000000,0.00000
0.000000,udp,5353,S0,0,0,0,0,0,0,0,0,0,0,0,0,0,0,0,0,0,0,0,2,0.000000,1.000000,0.000000,0.000000,0.000000,0.000000,1.000000,0,2,0.000000,0.000000,0.333333,1.000000,0.000000,1.000000,0.000000,0.00000
0.281957,udp,443,SF,0,26,0,0,0,0,0,0,0,0,0,0,0,0,0,0,0,0,3,4,0.333333,0.250000,0.000000,0.000000,1.000000,0.000000,0.250000,3,4,1.000000,0.000000,0.428571,0.250000,0.333333,0.250000,0.000000,0.00000
0.000000,udp,5353,S0,0,0,0,0,0,0,0,0,0,0,0,0,0,0,0,0,0,0,2,3,1.000000,1.000000,0.000000,0.000000,1.000000,0.000000,0.333333,2,3,1.000000,0.000000,0.375000,0.333333,1.000000,1.000000,0.000000,0.00000
0.000000,udp,5353,S0,0,0,0,0,0,0,0,0,0,0,0,0,0,0,0,0,0,0,1,4,1.000000,1.000000,0.000000,0.000000,1.000000,0.000000,0.750000,1,4,1.000000,0.000000,0.444444,0.750000,1.000000,1.000000,0.000000,0.00000
0.307082,udp,5353,S0,0,0,0,0,0,0,0,0,0,0,0,0,0,0,0,0,0,0,3,5,1.000000,1.000000,0.000000,0.000000,1.000000,0.000000,0.400000,3,5,1.000000,0.000000,0.500000,0.400000,1.000000,1.000000,0.000000,0.00000
0.482936,udp,443,SF,0,0,0,0,0,0,0,0,0,0,0,0,0,0,0,0,0,0,4,5,0.250000,0.200000,0.000000,0.000000,1.000000,0.000000,0.200000,4,5,1.000000,0.000000,0.363636,0.200000,0.250000,0.200000,0.000000,0.00000
0.521873,udp,443,SF,0,26,0,0,0,0,0,0,0,0,0,0,0,0,0,0,0,0,5,6,0.200000,0.166667,0.000000,0.000000,1.000000,0.000000,0.166667,5,6,1.000000,0.000000,0.416667,0.166667,0.200000,0.166667,0.000000,0.00000
0.722871,udp,443,SF,0,0,0,0,0,0,0,0,0,0,0,0,0,0,0,0,0,0,6,7,0.166667,0.142857,0.000000,0.000000,1.000000,0.000000,0.142857,6,7,1.000000,0.000000,0.461538,0.142857,0.166667,0.142857,0.000000,0.00000
0.618945,udp,5353,S0,0,0,0,0,0,0,0,0,0,0,0,0,0,0,0,0,0,0,4,6,1.000000,1.000000,0.000000,0.000000,1.000000,0.000000,0.333333,4,6,1.000000,0.000000,0.428571,0.333333,1.000000,1.000000,0.000000,0.00000
0.783974,udp,443,SF,0,26,0,0,0,0,0,0,0,0,0,0,0,0,0,0,0,0,7,8,0.142857,0.125000,0.000000,0.000000,1.000000,0.000000,0.125000,7,8,1.000000,0.000000,0.466667,0.125000,0.142857,0.125000,0.000000,0.00000
0.826526,udp,5353,S0,0,0,0,0,0,0,0,0,0,0,0,0,0,0,0,0,0,0,5,7,1.000000,1.000000,0.000000,0.000000,1.000000,0.000000,0.285714,5,7,1.000000,0.000000,0.437500,0.285714,1.000000,1.000000,0.000000,0.00000
0.984653,udp,443,SF,0,0,0,0,0,0,0,0,0,0,0,0,0,0,0,0,0,0,8,9,0.125000,0.111111,0.000000,0.000000,1.000000,0.000000,0.111111,8,9,1.000000,0.000000,0.470588,0.111111,0.125000,0.111111,0.000000,0.00000
1.025248,udp,443,SF,0,26,0,0,0,0,0,0,0,0,0,0,0,0,0,0,0,0,9,10,0.111111,0.100000,0.000000,0.000000,1.000000,0.000000,0.100000,9,10,1.000000,0.000000,0.500000,0.100000,0.111111,0.100000,0.000000,0.00000
0.000000,udp,5353,S0,0,0,0,0,0,0,0,0,0,0,0,0,0,0,0,0,0,0,6,8,1.000000,1.000000,0.000000,0.000000,1.000000,0.000000,0.250000,6,8,1.000000,0.000000,0.421053,0.250000,1.000000,1.000000,0.000000,0.00000
1.226204,udp,443,SF,0,0,0,0,0,0,0,0,0,0,0,0,0,0,0,0,0,0,10,11,0.100000,0.090909,0.000000,0.000000,1.000000,0.000000,0.090909,10,11,1.000000,0.000000,0.500000,0.090909,0.100000,0.090909,0.000000,0.00000
1.278269,udp,443,SF,0,26,0,0,0,0,0,0,0,0,0,0,0,0,0,0,0,0,11,12,0.090909,0.083333,0.000000,0.000000,1.000000,0.000000,0.083333,11,12,1.000000,0.000000,0.523810,0.083333,0.090909,0.083333,0.000000,0.00000
1.478770,udp,443,SF,0,0,0,0,0,0,0,0,0,0,0,0,0,0,0,0,0,0,12,13,0.083333,0.076923,0.000000,0.000000,1.000000,0.000000,0.076923,12,13,1.000000,0.000000,0.545455,0.076923,0.083333,0.076923,0.000000,0.00000
1.533273,udp,443,SF,0,26,0,0,0,0,0,0,0,0,0,0,0,0,0,0,0,0,13,14,0.076923,0.071429,0.000000,0.000000,1.000000,0.000000,0.071429,13,14,1.000000,0.000000,0.565217,0.071429,0.076923,0.071429,0.000000,0.00000
1.434758,udp,5353,S0,0,0,0,0,0,0,0,0,0,0,0,0,0,0,0,0,0,0,6,8,1.000000,1.000000,0.000000,0.000000,1.000000,0.000000,0.250000,7,9,1.000000,0.000000,0.375000,0.222222,1.000000,1.000000,0.000000,0.00000
1.734496,udp,443,SF,0,0,0,0,0,0,0,0,0,0,0,0,0,0,0,0,0,0,14,15,0.071429,0.066667,0.000000,0.000000,1.000000,0.000000,0.066667,14,15,1.000000,0.000000,0.560000,0.066667,0.071429,0.066667,0.000000,0.00000
1.776828,udp,443,SF,0,26,0,0,0,0,0,0,0,0,0,0,0,0,0,0,0,0,15,16,0.066667,0.062500,0.000000,0.000000,1.000000,0.000000,0.062500,15,16,1.000000,0.000000,0.576923,0.062500,0.066667,0.062500,0.000000,0.00000
1.977360,udp,443,SF,0,0,0,0,0,0,0,0,0,0,0,0,0,0,0,0,0,0,16,17,0.062500,0.058824,0.000000,0.000000,1.000000,0.000000,0.058824,16,17,1.000000,0.000000,0.592593,0.058824,0.062500,0.058824,0.000000,0.00000
2.018479,udp,443,SF,0,26,0,0,0,0,0,0,0,0,0,0,0,0,0,0,0,0,17,18,0.058824,0.055556,0.000000,0.000000,1.000000,0.000000,0.055556,17,18,1.000000,0.000000,0.607143,0.055556,0.058824,0.055556,0.000000,0.00000
1.945716,udp,5353,S0,0,0,0,0,0,0,0,0,0,0,0,0,0,0,0,0,0,0,7,9,1.000000,1.000000,0.000000,0.000000,1.000000,0.000000,0.222222,8,10,1.000000,0.000000,0.344828,0.200000,1.000000,1.000000,0.000000,0.00000
1.945569,udp,5353,S0,0,0,0,0,0,0,0,0,0,0,0,0,0,0,0,0,0,0,8,10,1.000000,1.000000,0.000000,0.000000,1.000000,0.000000,0.200000,9,11,1.000000,0.000000,0.366667,0.181818,1.000000,1.000000,0.000000,0.00000
1.945663,udp,5353,S0,0,0,0,0,0,0,0,0,0,0,0,0,0,0,0,0,0,0,2,11,1.000000,1.000000,0.000000,0.000000,1.000000,0.000000,0.818182,2,12,1.000000,0.000000,0.387097,0.833333,1.000000,1.000000,0.000000,0.00000
2.219723,udp,443,SF,0,0,0,0,0,0,0,0,0,0,0,0,0,0,0,0,0,0,18,19,0.055556,0.052632,0.000000,0.000000,1.000000,0.000000,0.052632,18,19,1.000000,0.000000,0.562500,0.052632,0.055556,0.052632,0.000000,0.00000
2.259125,udp,443,SF,0,26,0,0,0,0,0,0,0,0,0,0,0,0,0,0,0,0,19,20,0.052632,0.050000,0.000000,0.000000,1.000000,0.000000,0.050000,19,20,1.000000,0.000000,0.575758,0.050000,0.052632,0.050000,0.000000,0.00000
0.000000,icmp,133,SH,8,0,0,0,0,0,0,0,0,0,0,0,0,0,0,0,0,0,0,0,0.000000,0.000000,0.000000,0.000000,0.000000,0.000000,0.000000,0,0,0.000000,0.000000,0.000000,0.000000,0.000000,0.000000,0.000000,0.00000
2.459856,udp,443,SF,0,0,0,0,0,0,0,0,0,0,0,0,0,0,0,0,0,0,20,21,0.050000,0.047619,0.000000,0.000000,1.000000,0.000000,0.047619,20,21,1.000000,0.000000,0.571429,0.047619,0.050000,0.047619,0.000000,0.00000
2.522581,udp,443,SF,0,26,0,0,0,0,0,0,0,0,0,0,0,0,0,0,0,0,21,22,0.047619,0.045455,0.000000,0.000000,1.000000,0.000000,0.045455,21,22,1.000000,0.000000,0.583333,0.045455,0.047619,0.045455,0.000000,0.00000
0.000000,udp,5353,S0,0,0,0,0,0,0,0,0,0,0,0,0,0,0,0,0,0,0,10,13,1.000000,1.000000,0.000000,0.000000,1.000000,0.000000,0.230769,10,13,1.000000,0.000000,0.351351,0.230769,1.000000,1.000000,0.000000,0.00000
0.000000,udp,5353,S0,0,0,0,0,0,0,0,0,0,0,0,0,0,0,0,0,0,0,3,14,1.000000,1.000000,0.000000,0.000000,1.000000,0.000000,0.785714,3,14,1.000000,0.000000,0.368421,0.785714,1.000000,1.000000,0.000000,0.00000
2.723694,udp,443,SF,0,0,0,0,0,0,0,0,0,0,0,0,0,0,0,0,0,0,22,23,0.045455,0.043478,0.000000,0.000000,1.000000,0.000000,0.043478,22,23,1.000000,0.000000,0.564103,0.043478,0.045455,0.043478,0.000000,0.00000
2.786978,udp,443,SF,0,26,0,0,0,0,0,0,0,0,0,0,0,0,0,0,0,0,23,24,0.043478,0.041667,0.000000,0.000000,1.000000,0.000000,0.041667,23,24,1.000000,0.000000,0.575000,0.041667,0.043478,0.041667,0.000000,0.00000
0.131169,tcp,443,OTH,1,0,0,0,0,0,0,0,0,0,0,0,0,0,0,0,0,0,0,25,0.000000,0.040000,0.000000,0.000000,0.000000,0.000000,1.000000,0,25,0.000000,0.000000,0.000000,1.000000,0.000000,0.040000,0.000000,0.00000
0.131127,tcp,443,OTH,1,0,0,0,0,0,0,0,0,0,0,0,0,0,0,0,0,0,0,26,0.000000,0.038462,0.000000,0.000000,0.000000,0.000000,1.000000,0,26,0.000000,0.000000,0.000000,1.000000,0.000000,0.038462,0.000000,0.00000
2.987449,udp,443,SF,0,0,0,0,0,0,0,0,0,0,0,0,0,0,0,0,0,0,24,25,0.041667,0.040000,0.000000,0.000000,1.000000,0.000000,0.040000,24,27,1.000000,0.000000,0.558140,0.111111,0.041667,0.037037,0.000000,0.00000
3.070689,udp,443,SF,0,26,0,0,0,0,0,0,0,0,0,0,0,0,0,0,0,0,25,26,0.040000,0.038462,0.000000,0.000000,1.000000,0.000000,0.038462,25,28,1.000000,0.000000,0.568182,0.107143,0.040000,0.035714,0.000000,0.00000
0.000000,icmp,133,SH,8,0,0,0,0,0,0,0,0,0,0,0,0,0,0,0,0,0,1,1,0.000000,0.000000,0.000000,0.000000,1.000000,0.000000,0.000000,1,1,1.000000,0.000000,0.022222,0.000000,0.000000,0.000000,0.000000,0.00000
3.271907,udp,443,SF,0,0,0,0,0,0,0,0,0,0,0,0,0,0,0,0,0,0,16,16,0.000000,0.000000,0.000000,0.000000,1.000000,0.000000,0.000000,26,29,1.000000,0.000000,0.565217,0.103448,0.038462,0.034483,0.000000,0.00000
0.000000,udp,53,S0,0,0,0,0,0,0,0,0,0,0,0,0,0,0,0,0,0,0,0,0,0.000000,0.000000,0.000000,0.000000,0.000000,0.000000,0.000000,0,0,0.000000,0.000000,0.000000,0.000000,0.000000,0.000000,0.000000,0.00000
0.000019,udp,53,S0,0,0,0,0,0,0,0,0,0,0,0,0,0,0,0,0,0,0,1,1,1.000000,1.000000,0.000000,0.000000,1.000000,0.000000,0.000000,1,1,1.000000,0.000000,0.020833,0.000000,1.000000,1.000000,0.000000,0.00000
0.000285,udp,53,SF,0,142,0,0,0,0,0,0,0,0,0,0,0,0,0,0,0,0,2,2,1.000000,1.000000,0.000000,0.000000,1.000000,0.000000,0.000000,2,2,1.000000,0.000000,0.040816,0.000000,1.000000,1.000000,0.000000,0.00000
0.000000,udp,53,S0,0,0,0,0,0,0,0,0,0,0,0,0,0,0,0,0,0,0,0,3,0.000000,0.666667,0.000000,0.000000,0.000000,0.000000,1.000000,0,3,0.000000,0.000000,0.000000,1.000000,0.000000,0.666667,0.000000,0.00000
0.007928,udp,53,SF,0,127,0,0,0,0,0,0,0,0,0,0,0,0,0,0,0,0,1,4,1.000000,0.750000,0.000000,0.000000,1.000000,0.000000,0.750000,1,4,1.000000,0.000000,0.019608,0.750000,1.000000,0.750000,0.000000,0.00000
0.008511,udp,53,SF,0,126,0,0,0,0,0,0,0,0,0,0,0,0,0,0,0,0,3,5,0.666667,0.600000,0.000000,0.000000,1.000000,0.000000,0.400000,3,5,1.000000,0.000000,0.057692,0.400000,0.666667,0.600000,0.000000,0.00000
0.000000,udp,53,S0,0,0,0,0,0,0,0,0,0,0,0,0,0,0,0,0,0,0,4,6,0.500000,0.500000,0.000000,0.000000,1.000000,0.000000,0.333333,4,6,1.000000,0.000000,0.000000,0.333333,0.500000,0.500000,0.000000,0.00000
0.000018,udp,53,S0,0,0,0,0,0,0,0,0,0,0,0,0,0,0,0,0,0,0,5,7,0.600000,0.571429,0.000000,0.000000,1.000000,0.000000,0.285714,5,7,1.000000,0.000000,0.018519,0.285714,0.600000,0.571429,0.000000,0.00000
0.299532,tcp,443,SF,1663,4131,0,0,0,0,0,0,0,0,0,0,0,0,0,0,0,0,0,2,0.000000,0.000000,0.000000,0.000000,0.000000,0.000000,1.000000,0,30,0.000000,0.000000,0.000000,1.000000,0.000000,0.033333,0.000000,0.00000
0.000268,udp,53,SF,0,142,0,0,0,0,0,0,0,0,0,0,0,0,0,0,0,0,6,8,0.666667,0.625000,0.000000,0.000000,1.000000,0.000000,0.250000,6,8,1.000000,0.000000,0.035714,0.250000,0.666667,0.625000,0.000000,0.00000
0.000432,udp,53,SF,0,126,0,0,0,0,0,0,0,0,0,0,0,0,0,0,0,0,7,9,0.571429,0.555556,0.000000,0.000000,1.000000,0.000000,0.222222,7,9,1.000000,0.000000,0.052632,0.222222,0.571429,0.555556,0.000000,0.00000
0.285300,tcp,443,SF,1748,4131,0,0,0,0,0,0,0,0,0,0,0,0,0,0,0,0,1,3,0.000000,0.000000,0.000000,0.000000,1.000000,0.000000,0.666667,1,31,1.000000,0.000000,0.000000,0.967742,0.000000,0.032258,0.000000,0.00000
3.355797,udp,443,SF,0,26,0,0,0,0,0,0,0,0,0,0,0,0,0,0,0,0,7,7,0.000000,0.000000,0.000000,0.000000,1.000000,0.000000,0.000000,27,32,1.000000,0.000000,0.457627,0.156250,0.037037,0.031250,0.000000,0.00000
0.000000,udp,137,S0,0,0,0,0,0,0,0,0,0,0,0,0,0,0,0,0,0,0,0,0,0.000000,0.000000,0.000000,0.000000,0.000000,0.000000,0.000000,0,0,0.000000,0.000000,0.000000,0.000000,0.000000,0.000000,0.000000,0.00000
0.000000,udp,5353,S0,0,0,0,0,0,0,0,0,0,0,0,0,0,0,0,0,0,0,1,2,1.000000,1.000000,0.000000,0.000000,1.000000,0.000000,0.500000,11,15,1.000000,0.000000,0.245902,0.266667,1.000000,1.000000,0.000000,0.00000
3.072630,udp,5353,S0,0,0,0,0,0,0,0,0,0,0,0,0,0,0,0,0,0,0,0,0,0.000000,0.000000,0.000000,0.000000,0.000000,0.000000,0.000000,12,16,1.000000,0.000000,0.258065,0.250000,1.000000,1.000000,0.000000,0.00000
3.072606,udp,5353,S0,0,0,0,0,0,0,0,0,0,0,0,0,0,0,0,0,0,0,0,1,0.000000,1.000000,0.000000,0.000000,0.000000,0.000000,1.000000,4,17,1.000000,0.000000,0.269841,0.764706,1.000000,1.000000,0.000000,0.00000
0.000000,udp,5353,S0,0,0,0,0,0,0,0,0,0,0,0,0,0,0,0,0,0,0,0,1,0.000000,1.000000,0.000000,0.000000,0.000000,0.000000,1.000000,5,18,1.000000,0.000000,0.281250,0.722222,1.000000,1.000000,0.000000,0.00000
0.000000,udp,5355,S0,0,0,0,0,0,0,0,0,0,0,0,0,0,0,0,0,0,0,0,0,0.000000,0.000000,0.000000,0.000000,0.000000,0.000000,0.000000,0,0,0.000000,0.000000,0.000000,0.000000,0.000000,0.000000,0.000000,0.00000
0.000000,udp,5355,S0,0,0,0,0,0,0,0,0,0,0,0,0,0,0,0,0,0,0,0,1,0.000000,1.000000,0.000000,0.000000,0.000000,0.000000,1.000000,0,1,0.000000,0.000000,0.015152,1.000000,0.000000,1.000000,0.000000,0.00000
0.001797,udp,5353,S0,0,0,0,0,0,0,0,0,0,0,0,0,0,0,0,0,0,0,1,2,1.000000,1.000000,0.000000,0.000000,1.000000,0.000000,0.500000,13,19,1.000000,0.000000,0.283582,0.315789,1.000000,1.000000,0.000000,0.00000
0.001165,udp,5353,S0,0,0,0,0,0,0,0,0,0,0,0,0,0,0,0,0,0,0,1,3,1.000000,1.000000,0.000000,0.000000,1.000000,0.000000,0.666667,6,20,1.000000,0.000000,0.294118,0.700000,1.000000,1.000000,0.000000,0.00000
3.556232,udp,443,SF,0,0,0,0,0,0,0,0,0,0,0,0,0,0,0,0,0,0,4,4,0.000000,0.000000,0.000000,0.000000,1.000000,0.000000,0.000000,28,33,1.000000,0.000000,0.405797,0.151515,0.035714,0.030303,0.000000,0.00000
3.594363,udp,443,SF,0,26,0,0,0,0,0,0,0,0,0,0,0,0,0,0,0,0,5,5,0.000000,0.000000,0.000000,0.000000,1.000000,0.000000,0.000000,29,34,1.000000,0.000000,0.414286,0.147059,0.034483,0.029412,0.000000,0.00000
0.000000,udp,547,OTH,0,0,0,0,0,0,0,0,0,0,0,0,0,0,0,0,0,0,0,0,0.000000,0.000000,0.000000,0.000000,0.000000,0.000000,0.000000,0,0,0.000000,0.000000,0.000000,0.000000,0.000000,0.000000,0.000000,0.00000
0.922762,udp,5353,S0,0,0,0,0,0,0,0,0,0,0,0,0,0,0,0,0,0,0,1,2,1.000000,1.000000,0.000000,0.000000,1.000000,0.000000,0.500000,7,21,1.000000,0.000000,0.291667,0.666667,1.000000,1.000000,0.000000,0.00000
3.795440,udp,443,SF,0,0,0,0,0,0,0,0,0,0,0,0,0,0,0,0,0,0,4,4,0.000000,0.000000,0.000000,0.000000,1.000000,0.000000,0.000000,30,35,1.000000,0.000000,0.410959,0.142857,0.033333,0.028571,0.000000,0.00000
1.946845,tcp,443,SF,3871,120,0,0,0,0,0,0,0,0,0,0,0,0,0,0,0,0,0,2,0.000000,0.000000,0.000000,0.000000,0.000000,0.000000,1.000000,0,36,0.000000,0.000000,0.000000,1.000000,0.000000,0.027778,0.000000,0.00000
0.408344,udp,5355,S0,0,0,0,0,0,0,0,0,0,0,0,0,0,0,0,0,0,0,1,2,1.000000,1.000000,0.000000,0.000000,1.000000,0.000000,0.500000,1,2,1.000000,0.000000,0.026667,0.500000,1.000000,1.000000,0.000000,0.00000
0.408697,udp,5355,S0,0,0,0,0,0,0,0,0,0,0,0,0,0,0,0,0,0,0,1,3,1.000000,1.000000,0.000000,0.000000,1.000000,0.000000,0.666667,1,3,1.000000,0.000000,0.039474,0.666667,1.000000,1.000000,0.000000,0.00000
3.840585,udp,443,SF,0,26,0,0,0,0,0,0,0,0,0,0,0,0,0,0,0,0,4,4,0.000000,0.000000,0.000000,0.000000,1.000000,0.000000,0.000000,31,37,1.000000,0.000000,0.402597,0.162162,0.032258,0.027027,0.000000,0.00000
0.000000,udp,443,S0,0,0,0,0,0,0,0,0,0,0,0,0,0,0,0,0,0,0,0,1,0.000000,0.000000,0.000000,0.000000,0.000000,0.000000,1.000000,0,38,0.000000,0.000000,0.000000,1.000000,0.000000,0.026316,0.000000,0.00000
0.000060,udp,443,S0,0,0,0,0,0,0,0,0,0,0,0,0,0,0,0,0,0,0,1,2,1.000000,0.500000,0.000000,0.000000,1.000000,0.000000,0.500000,1,39,1.000000,0.000000,0.012658,0.974359,1.000000,0.051282,0.000000,0.00000
4.041178,udp,443,SF,0,0,0,0,0,0,0,0,0,0,0,0,0,0,0,0,0,0,4,4,0.000000,0.000000,0.000000,0.000000,1.000000,0.000000,0.000000,32,40,1.000000,0.000000,0.400000,0.200000,0.031250,0.075000,0.000000,0.00000
3.996739,udp,5353,S0,0,0,0,0,0,0,0,0,0,0,0,0,0,0,0,0,0,0,1,2,1.000000,1.000000,0.000000,0.000000,1.000000,0.000000,0.500000,14,22,1.000000,0.000000,0.271605,0.363636,1.000000,1.000000,0.000000,0.00000
0.142333,udp,443,SF,0,31,0,0,0,0,0,0,0,0,0,0,0,0,0,0,0,0,2,3,1.000000,0.666667,0.000000,0.000000,1.000000,0.000000,0.333333,2,41,1.000000,0.000000,0.024390,0.951219,1.000000,0.073171,0.000000,0.00000
0.142399,udp,443,SF,0,25,0,0,0,0,0,0,0,0,0,0,0,0,0,0,0,0,3,4,0.666667,0.500000,0.000000,0.000000,1.000000,0.000000,0.250000,3,42,1.000000,0.000000,0.036145,0.928571,0.666667,0.071429,0.000000,0.00000
0.142402,udp,443,SF,0,30,0,0,0,0,0,0,0,0,0,0,0,0,0,0,0,0,4,5,0.500000,0.400000,0.000000,0.000000,1.000000,0.000000,0.200000,4,43,1.000000,0.000000,0.047619,0.906977,0.500000,0.069767,0.000000,0.00000
0.142405,udp,443,SF,0,25,0,0,0,0,0,0,0,0,0,0,0,0,0,0,0,0,5,6,0.400000,0.333333,0.000000,0.000000,1.000000,0.000000,0.166667,5,44,1.000000,0.000000,0.058824,0.886364,0.400000,0.068182,0.000000,0.00000
0.142671,udp,443,SF,0,0,0,0,0,0,0,0,0,0,0,0,0,0,0,0,0,0,6,7,0.333333,0.285714,0.000000,0.000000,1.000000,0.000000,0.142857,6,45,1.000000,0.000000,0.069767,0.866667,0.333333,0.066667,0.000000,0.00000
4.214043,udp,443,SF,0,0,0,0,0,0,0,0,0,0,0,0,0,0,0,0,0,0,5,5,0.000000,0.000000,0.000000,0.000000,1.000000,0.000000,0.000000,33,46,1.000000,0.000000,0.379310,0.282609,0.030303,0.065217,0.000000,0.00000
0.839403,udp,137,S0,0,0,0,0,0,0,0,0,0,0,0,0,0,0,0,0,0,0,0,0,0.000000,0.000000,0.000000,0.000000,0.000000,0.000000,0.000000,1,1,1.000000,0.000000,0.011364,0.000000,1.000000,1.000000,0.000000,0.00000
0.261915,udp,443,SF,0,170,0,0,0,0,0,0,0,0,0,0,0,0,0,0,0,0,7,8,0.285714,0.250000,0.000000,0.000000,1.000000,0.000000,0.125000,7,47,1.000000,0.000000,0.078652,0.851064,0.285714,0.063830,0.000000,0.00000
0.262182,udp,443,SF,0,0,0,0,0,0,0,0,0,0,0,0,0,0,0,0,0,0,8,9,0.250000,0.222222,0.000000,0.000000,1.000000,0.000000,0.111111,8,48,1.000000,0.000000,0.088889,0.833333,0.250000,0.062500,0.000000,0.00000
4.267190,udp,443,SF,0,39,0,0,0,0,0,0,0,0,0,0,0,0,0,0,0,0,4,4,0.000000,0.000000,0.000000,0.000000,1.000000,0.000000,0.000000,34,49,1.000000,0.000000,0.373626,0.306122,0.029412,0.061224,0.000000,0.00000
4.273513,udp,443,SF,0,0,0,0,0,0,0,0,0,0,0,0,0,0,0,0,0,0,5,5,0.000000,0.000000,0.000000,0.000000,1.000000,0.000000,0.000000,35,50,1.000000,0.000000,0.380435,0.300000,0.028571,0.060000,0.000000,0.00000
0.925255,udp,5353,S0,0,0,0,0,0,0,0,0,0,0,0,0,0,0,0,0,0,0,0,0,0.000000,0.000000,0.000000,0.000000,0.000000,0.000000,0.000000,15,23,1.000000,0.000000,0.247312,0.347826,1.000000,1.000000,0.000000,0.00000
0.924927,udp,5353,S0,0,0,0,0,0,0,0,0,0,0,0,0,0,0,0,0,0,0,0,1,0.000000,1.000000,0.000000,0.000000,0.000000,0.000000,1.000000,8,24,1.000000,0.000000,0.255319,0.666667,1.000000,1.000000,0.000000,0.00000
4.353449,udp,443,SF,0,26,0,0,0,0,0,0,0,0,0,0,0,0,0,0,0,0,5,5,0.000000,0.000000,0.000000,0.000000,1.000000,0.000000,0.000000,36,51,1.000000,0.000000,0.378947,0.294118,0.027778,0.058824,0.000000,0.00000
0.351538,udp,443,SF,0,25,0,0,0,0,0,0,0,0,0,0,0,0,0,0,0,0,9,9,0.222222,0.222222,0.000000,0.000000,1.000000,0.000000,0.000000,9,52,1.000000,0.000000,0.093750,0.826923,0.222222,0.057692,0.000000,0.00000
0.419091,udp,443,SF,0,0,0,0,0,0,0,0,0,0,0,0,0,0,0,0,0,0,10,10,0.200000,0.200000,0.000000,0.000000,1.000000,0.000000,0.000000,10,53,1.000000,0.000000,0.103093,0.811321,0.200000,0.056604,0.000000,0.00000
0.447930,udp,443,SF,0,31,0,0,0,0,0,0,0,0,0,0,0,0,0,0,0,0,11,11,0.181818,0.181818,0.000000,0.000000,1.000000,0.000000,0.000000,11,54,1.000000,0.000000,0.112245,0.796296,0.181818,0.055556,0.000000,0.00000
0.454301,udp,443,SF,0,0,0,0,0,0,0,0,0,0,0,0,0,0,0,0,0,0,12,12,0.166667,0.166667,0.000000,0.000000,1.000000,0.000000,0.000000,12,55,1.000000,0.000000,0.121212,0.781818,0.166667,0.054545,0.000000,0.00000
0.000000,udp,443,S0,0,0,0,0,0,0,0,0,0,0,0,0,0,0,0,0,0,0,0,13,0.000000,0.153846,0.000000,0.000000,0.000000,0.000000,1.000000,0,56,0.000000,0.000000,0.000000,1.000000,0.000000,0.053571,0.000000,0.00000
0.000654,udp,443,S0,0,0,0,0,0,0,0,0,0,0,0,0,0,0,0,0,0,0,1,14,1.000000,0.214286,0.000000,0.000000,1.000000,0.000000,0.928571,1,56,1.000000,0.000000,0.010000,0.982143,1.000000,0.053571,0.000000,0.00000
0.000000,udp,443,S0,0,0,0,0,0,0,0,0,0,0,0,0,0,0,0,0,0,0,0,15,0.000000,0.266667,0.000000,0.000000,0.000000,0.000000,1.000000,0,56,0.000000,0.000000,0.000000,1.000000,0.000000,0.071429,0.000000,0.00000
0.480316,udp,443,SF,0,0,0,0,0,0,0,0,0,0,0,0,0,0,0,0,0,0,13,16,0.153846,0.312500,0.000000,0.000000,1.000000,0.000000,0.187500,13,57,1.000000,0.000000,0.130000,0.771930,0.153846,0.087719,0.000000,0.00000
0.537675,udp,443,SF,0,31,0,0,0,0,0,0,0,0,0,0,0,0,0,0,0,0,14,17,0.142857,0.294118,0.000000,0.000000,1.000000,0.000000,0.176471,14,57,1.000000,0.000000,0.140000,0.754386,0.142857,0.087719,0.000000,0.00000
0.060621,udp,443,SF,0,1252,0,0,0,0,0,0,0,0,0,0,0,0,0,0,0,0,1,18,1.000000,0.277778,0.000000,0.000000,1.000000,0.000000,0.944444,1,57,1.000000,0.000000,0.010000,0.982456,1.000000,0.087719,0.000000,0.00000
0.060963,udp,443,SF,0,192,0,0,0,0,0,0,0,0,0,0,0,0,0,0,0,0,2,19,0.500000,0.263158,0.000000,0.000000,1.000000,0.000000,0.894737,2,58,1.000000,0.000000,0.020000,0.965517,0.500000,0.086207,0.000000,0.00000
0.061368,udp,443,SF,0,56,0,0,0,0,0,0,0,0,0,0,0,0,0,0,0,0,3,20,0.333333,0.250000,0.000000,0.000000,1.000000,0.000000,0.850000,3,59,1.000000,0.000000,0.030000,0.949153,0.333333,0.084746,0.000000,0.00000
0.061984,udp,443,SF,0,0,0,0,0,0,0,0,0,0,0,0,0,0,0,0,0,0,4,21,0.250000,0.238095,0.000000,0.000000,1.000000,0.000000,0.809524,4,59,1.000000,0.000000,0.040000,0.932203,0.250000,0.084746,0.000000,0.00000
0.062268,udp,443,SF,0,0,0,0,0,0,0,0,0,0,0,0,0,0,0,0,0,0,5,22,0.200000,0.227273,0.000000,0.000000,1.000000,0.000000,0.772727,5,60,1.000000,0.000000,0.050000,0.916667,0.200000,0.083333,0.000000,0.00000
0.062381,udp,443,SF,0,0,0,0,0,0,0,0,0,0,0,0,0,0,0,0,0,0,6,23,0.166667,0.217391,0.000000,0.000000,1.000000,0.000000,0.739130,6,61,1.000000,0.000000,0.060000,0.901639,0.166667,0.081967,0.000000,0.00000
0.062499,udp,443,SF,0,0,0,0,0,0,0,0,0,0,0,0,0,0,0,0,0,0,7,24,0.142857,0.208333,0.000000,0.000000,1.000000,0.000000,0.708333,7,62,1.000000,0.000000,0.070000,0.887097,0.142857,0.080645,0.000000,0.00000
0.062603,udp,443,SF,0,0,0,0,0,0,0,0,0,0,0,0,0,0,0,0,0,0,8,25,0.125000,0.200000,0.000000,0.000000,1.000000,0.000000,0.680000,8,62,1.000000,0.000000,0.080000,0.870968,0.125000,0.080645,0.000000,0.00000
0.062699,udp,443,SF,0,0,0,0,0,0,0,0,0,0,0,0,0,0,0,0,0,0,9,26,0.111111,0.192308,0.000000,0.000000,1.000000,0.000000,0.653846,9,62,1.000000,0.000000,0.090000,0.854839,0.111111,0.080645,0.000000,0.00000
0.543827,udp,443,SF,0,0,0,0,0,0,0,0,0,0,0,0,0,0,0,0,0,0,15,27,0.133333,0.185185,0.000000,0.000000,1.000000,0.000000,0.444444,15,62,1.000000,0.000000,0.150000,0.758065,0.133333,0.080645,0.000000,0.00000
0.072246,udp,443,S0,0,0,0,0,0,0,0,0,0,0,0,0,0,0,0,0,0,0,2,28,1.000000,0.178571,0.000000,0.000000,1.000000,0.000000,0.928571,2,63,1.000000,0.000000,0.020000,0.968254,1.000000,0.079365,0.000000,0.00000
4.554087,udp,443,SF,0,0,0,0,0,0,0,0,0,0,0,0,0,0,0,0,0,0,5,5,0.000000,0.000000,0.000000,0.000000,1.000000,0.000000,0.000000,29,63,1.000000,0.000000,0.290000,0.539683,0.000000,0.095238,0.000000,0.00000
0.123408,udp,443,SF,0,39,0,0,0,0,0,0,0,0,0,0,0,0,0,0,0,0,10,27,0.100000,0.148148,0.000000,0.000000,1.000000,0.000000,0.629630,10,64,1.000000,0.000000,0.100000,0.843750,0.100000,0.093750,0.000000,0.00000
0.123415,udp,443,SF,0,239,0,0,0,0,0,0,0,0,0,0,0,0,0,0,0,0,11,28,0.090909,0.142857,0.000000,0.000000,1.000000,0.000000,0.607143,11,64,1.000000,0.000000,0.110000,0.828125,0.090909,0.093750,0.000000,0.00000
0.123418,udp,443,SF,0,25,0,0,0,0,0,0,0,0,0,0,0,0,0,0,0,0,12,29,0.083333,0.137931,0.000000,0.000000,1.000000,0.000000,0.586207,12,64,1.000000,0.000000,0.120000,0.812500,0.083333,0.093750,0.000000,0.00000
0.123420,udp,443,SF,0,23,0,0,0,0,0,0,0,0,0,0,0,0,0,0,0,0,13,30,0.076923,0.133333,0.000000,0.000000,1.000000,0.000000,0.566667,13,65,1.000000,0.000000,0.130000,0.800000,0.076923,0.092308,0.000000,0.00000
0.123423,udp,443,SF,0,1252,0,0,0,0,0,0,0,0,0,0,0,0,0,0,0,0,14,31,0.071429,0.129032,0.000000,0.000000,1.000000,0.000000,0.548387,14,65,1.000000,0.000000,0.140000,0.784615,0.071429,0.092308,0.000000,0.00000
0.123425,udp,443,SF,0,1252,0,0,0,0,0,0,0,0,0,0,0,0,0,0,0,0,15,32,0.066667,0.125000,0.000000,0.000000,1.000000,0.000000,0.531250,15,65,1.000000,0.000000,0.150000,0.769231,0.066667,0.092308,0.000000,0.00000
0.123685,udp,443,SF,0,0,0,0,0,0,0,0,0,0,0,0,0,0,0,0,0,0,16,33,0.062500,0.121212,0.000000,0.000000,1.000000,0.000000,0.515152,16,65,1.000000,0.000000,0.160000,0.753846,0.062500,0.092308,0.000000,0.00000
0.123794,udp,443,SF,0,0,0,0,0,0,0,0,0,0,0,0,0,0,0,0,0,0,17,34,0.058824,0.117647,0.000000,0.000000,1.000000,0.000000,0.500000,17,65,1.000000,0.000000,0.170000,0.738462,0.058824,0.092308,0.000000,0.00000
0.124347,udp,443,SF,0,1252,0,0,0,0,0,0,0,0,0,0,0,0,0,0,0,0,18,35,0.055556,0.114286,0.000000,0.000000,1.000000,0.000000,0.485714,18,66,1.000000,0.000000,0.180000,0.727273,0.055556,0.090909,0.000000,0.00000
0.124358,udp,443,SF,0,1252,0,0,0,0,0,0,0,0,0,0,0,0,0,0,0,0,19,36,0.052632,0.111111,0.000000,0.000000,1.000000,0.000000,0.472222,19,66,1.000000,0.000000,0.190000,0.712121,0.052632,0.090909,0.000000,0.00000
0.124361,udp,443,SF,0,1252,0,0,0,0,0,0,0,0,0,0,0,0,0,0,0,0,20,37,0.050000,0.108108,0.000000,0.000000,1.000000,0.000000,0.459459,20,66,1.000000,0.000000,0.200000,0.696970,0.050000,0.090909,0.000000,0.00000
0.124364,udp,443,SF,0,1252,0,0,0,0,0,0,0,0,0,0,0,0,0,0,0,0,21,38,0.047619,0.105263,0.000000,0.000000,1.000000,0.000000,0.447368,21,66,1.000000,0.000000,0.210000,0.681818,0.047619,0.090909,0.000000,0.00000
0.124367,udp,443,SF,0,196,0,0,0,0,0,0,0,0,0,0,0,0,0,0,0,0,22,39,0.045455,0.102564,0.000000,0.000000,1.000000,0.000000,0.435897,22,66,1.000000,0.000000,0.220000,0.666667,0.045455,0.090909,0.000000,0.00000
0.124370,udp,443,SF,0,30,0,0,0,0,0,0,0,0,0,0,0,0,0,0,0,0,23,40,0.043478,0.100000,0.000000,0.000000,1.000000,0.000000,0.425000,23,67,1.000000,0.000000,0.230000,0.656716,0.043478,0.089552,0.000000,0.00000
0.124372,udp,443,SF,0,1252,0,0,0,0,0,0,0,0,0,0,0,0,0,0,0,0,24,41,0.041667,0.097561,0.000000,0.000000,1.000000,0.000000,0.414634,24,68,1.000000,0.000000,0.240000,0.647059,0.041667,0.088235,0.000000,0.00000
0.124375,udp,443,SF,0,1252,0,0,0,0,0,0,0,0,0,0,0,0,0,0,0,0,25,42,0.040000,0.095238,0.000000,0.000000,1.000000,0.000000,0.404762,25,69,1.000000,0.000000,0.250000,0.637681,0.040000,0.086957,0.000000,0.00000
0.124380,udp,443,SF,0,1252,0,0,0,0,0,0,0,0,0,0,0,0,0,0,0,0,26,43,0.038462,0.093023,0.000000,0.000000,1.000000,0.000000,0.395349,26,69,1.000000,0.000000,0.260000,0.623188,0.038462,0.086957,0.000000,0.00000
0.124382,udp,443,SF,0,1252,0,0,0,0,0,0,0,0,0,0,0,0,0,0,0,0,27,44,0.037037,0.090909,0.000000,0.000000,1.000000,0.000000,0.386364,27,69,1.000000,0.000000,0.270000,0.608696,0.037037,0.086957,0.000000,0.00000
0.124392,udp,443,SF,0,1252,0,0,0,0,0,0,0,0,0,0,0,0,0,0,0,0,28,45,0.035714,0.088889,0.000000,0.000000,1.000000,0.000000,0.377778,28,70,1.000000,0.000000,0.280000,0.600000,0.035714,0.085714,0.000000,0.00000
0.131587,udp,443,SF,0,25,0,0,0,0,0,0,0,0,0,0,0,0,0,0,0,0,3,46,1.000000,0.086957,0.000000,0.000000,1.000000,0.000000,0.934783,3,70,1.000000,0.000000,0.030000,0.957143,1.000000,0.085714,0.000000,0.00000
0.124521,udp,443,SF,0,0,0,0,0,0,0,0,0,0,0,0,0,0,0,0,0,0,29,47,0.034483,0.085106,0.000000,0.000000,1.000000,0.000000,0.382979,29,70,1.000000,0.000000,0.290000,0.585714,0.034483,0.085714,0.000000,0.00000
0.124556,udp,443,SF,0,0,0,0,0,0,0,0,0,0,0,0,0,0,0,0,0,0,30,48,0.033333,0.083333,0.000000,0.000000,1.000000,0.000000,0.375000,30,71,1.000000,0.000000,0.300000,0.577465,0.033333,0.084507,0.000000,0.00000
0.124581,udp,443,SF,0,0,0,0,0,0,0,0,0,0,0,0,0,0,0,0,0,0,31,49,0.032258,0.081633,0.000000,0.000000,1.000000,0.000000,0.367347,31,72,1.000000,0.000000,0.310000,0.569444,0.032258,0.083333,0.000000,0.00000
0.124720,udp,443,SF,0,0,0,0,0,0,0,0,0,0,0,0,0,0,0,0,0,0,32,50,0.031250,0.080000,0.000000,0.000000,1.000000,0.000000,0.360000,32,72,1.000000,0.000000,0.320000,0.555556,0.031250,0.083333,0.000000,0.00000
0.124764,udp,443,SF,0,0,0,0,0,0,0,0,0,0,0,0,0,0,0,0,0,0,33,51,0.030303,0.078431,0.000000,0.000000,1.000000,0.000000,0.352941,33,72,1.000000,0.000000,0.330000,0.541667,0.030303,0.083333,0.000000,0.00000
0.124799,udp,443,SF,0,0,0,0,0,0,0,0,0,0,0,0,0,0,0,0,0,0,34,52,0.029412,0.076923,0.000000,0.000000,1.000000,0.000000,0.346154,34,72,1.000000,0.000000,0.340000,0.527778,0.029412,0.083333,0.000000,0.00000
0.136634,udp,443,SF,0,1350,0,0,0,0,0,0,0,0,0,0,0,0,0,0,0,0,4,53,0.750000,0.075472,0.000000,0.000000,1.000000,0.000000,0.924528,4,72,1.000000,0.000000,0.040000,0.944444,0.750000,0.083333,0.000000,0.00000
0.137190,udp,443,SF,0,0,0,0,0,0,0,0,0,0,0,0,0,0,0,0,0,0,5,54,0.600000,0.074074,0.000000,0.000000,1.000000,0.000000,0.907407,5,72,1.000000,0.000000,0.050000,0.930556,0.600000,0.083333,0.000000,0.00000
0.158517,udp,443,SF,0,412,0,0,0,0,0,0,0,0,0,0,0,0,0,0,0,0,6,55,0.500000,0.072727,0.000000,0.000000,1.000000,0.000000,0.890909,6,72,1.000000,0.000000,0.060000,0.916667,0.500000,0.083333,0.000000,0.00000
0.158908,udp,443,SF,0,228,0,0,0,0,0,0,0,0,0,0,0,0,0,0,0,0,7,56,0.428571,0.071429,0.000000,0.000000,1.000000,0.000000,0.875000,7,73,1.000000,0.000000,0.070000,0.904110,0.428571,0.082192,0.000000,0.00000
0.151723,udp,443,SF,0,26,0,0,0,0,0,0,0,0,0,0,0,0,0,0,0,0,35,57,0.028571,0.070175,0.000000,0.000000,1.000000,0.000000,0.385965,35,73,1.000000,0.000000,0.350000,0.520548,0.028571,0.082192,0.000000,0.00000
0.159365,udp,443,SF,0,0,0,0,0,0,0,0,0,0,0,0,0,0,0,0,0,0,8,58,0.375000,0.068966,0.000000,0.000000,1.000000,0.000000,0.862069,8,74,1.000000,0.000000,0.080000,0.891892,0.375000,0.081081,0.000000,0.00000
0.638873,udp,443,SF,0,0,0,0,0,0,0,0,0,0,0,0,0,0,0,0,0,0,14,59,0.000000,0.067797,0.000000,0.000000,1.000000,0.000000,0.762712,16,75,1.000000,0.000000,0.160000,0.786667,0.125000,0.080000,0.000000,0.00000
0.642822,udp,443,SF,0,0,0,0,0,0,0,0,0,0,0,0,0,0,0,0,0,0,15,60,0.000000,0.066667,0.000000,0.000000,1.000000,0.000000,0.750000,17,76,1.000000,0.000000,0.170000,0.776316,0.117647,0.078947,0.000000,0.00000
0.647649,udp,443,SF,0,0,0,0,0,0,0,0,0,0,0,0,0,0,0,0,0,0,16,61,0.000000,0.065574,0.000000,0.000000,1.000000,0.000000,0.737705,18,77,1.000000,0.000000,0.180000,0.766234,0.111111,0.077922,0.000000,0.00000
0.200157,udp,443,SF,0,1252,0,0,0,0,0,0,0,0,0,0,0,0,0,0,0,0,36,62,0.027778,0.064516,0.000000,0.000000,1.000000,0.000000,0.419355,36,78,1.000000,0.000000,0.360000,0.538462,0.027778,0.076923,0.000000,0.00000
0.200175,udp,443,SF,0,1252,0,0,0,0,0,0,0,0,0,0,0,0,0,0,0,0,37,63,0.027027,0.063492,0.000000,0.000000,1.000000,0.000000,0.412698,37,79,1.000000,0.000000,0.370000,0.531646,0.027027,0.075949,0.000000,0.00000
0.200190,udp,443,SF,0,1252,0,0,0,0,0,0,0,0,0,0,0,0,0,0,0,0,38,64,0.026316,0.062500,0.000000,0.000000,1.000000,0.000000,0.406250,38,80,1.000000,0.000000,0.380000,0.525000,0.026316,0.075000,0.000000,0.00000
0.200193,udp,443,SF,0,1252,0,0,0,0,0,0,0,0,0,0,0,0,0,0,0,0,39,65,0.025641,0.061538,0.000000,0.000000,1.000000,0.000000,0.400000,39,81,1.000000,0.000000,0.390000,0.518519,0.025641,0.074074,0.000000,0.00000
0.200195,udp,443,SF,0,1252,0,0,0,0,0,0,0,0,0,0,0,0,0,0,0,0,40,66,0.025000,0.060606,0.000000,0.000000,1.000000,0.000000,0.393939,40,81,1.000000,0.000000,0.400000,0.506173,0.025000,0.074074,0.000000,0.00000
0.200198,udp,443,SF,0,1252,0,0,0,0,0,0,0,0,0,0,0,0,0,0,0,0,41,67,0.024390,0.059701,0.000000,0.000000,1.000000,0.000000,0.388060,41,82,1.000000,0.000000,0.410000,0.500000,0.024390,0.073171,0.000000,0.00000
0.200203,udp,443,SF,0,1252,0,0,0,0,0,0,0,0,0,0,0,0,0,0,0,0,42,68,0.023810,0.058824,0.000000,0.000000,1.000000,0.000000,0.382353,42,83,1.000000,0.000000,0.420000,0.493976,0.023810,0.072289,0.000000,0.00000
0.200205,udp,443,SF,0,1252,0,0,0,0,0,0,0,0,0,0,0,0,0,0,0,0,43,69,0.023256,0.057971,0.000000,0.000000,1.000000,0.000000,0.376812,43,83,1.000000,0.000000,0.430000,0.481928,0.023256,0.072289,0.000000,0.00000
0.200209,udp,443,SF,0,1252,0,0,0,0,0,0,0,0,0,0,0,0,0,0,0,0,44,70,0.022727,0.057143,0.000000,0.000000,1.000000,0.000000,0.371429,44,83,1.000000,0.000000,0.440000,0.469880,0.022727,0.072289,0.000000,0.00000
0.200211,udp,443,SF,0,1252,0,0,0,0,0,0,0,0,0,0,0,0,0,0,0,0,45,71,0.022222,0.056338,0.000000,0.000000,1.000000,0.000000,0.366197,45,84,1.000000,0.000000,0.450000,0.464286,0.022222,0.071429,0.000000,0.00000
0.200214,udp,443,SF,0,1252,0,0,0,0,0,0,0,0,0,0,0,0,0,0,0,0,46,72,0.021739,0.055556,0.000000,0.000000,1.000000,0.000000,0.361111,46,85,1.000000,0.000000,0.460000,0.458824,0.021739,0.070588,0.000000,0.00000
0.200217,udp,443,SF,0,1252,0,0,0,0,0,0,0,0,0,0,0,0,0,0,0,0,47,73,0.021277,0.054795,0.000000,0.000000,1.000000,0.000000,0.356164,47,86,1.000000,0.000000,0.470000,0.453488,0.021277,0.069767,0.000000,0.00000
0.200220,udp,443,SF,0,1252,0,0,0,0,0,0,0,0,0,0,0,0,0,0,0,0,48,74,0.020833,0.054054,0.000000,0.000000,1.000000,0.000000,0.351351,48,87,1.000000,0.000000,0.480000,0.448276,0.020833,0.068966,0.000000,0.00000
0.200222,udp,443,SF,0,1252,0,0,0,0,0,0,0,0,0,0,0,0,0,0,0,0,49,75,0.020408,0.053333,0.000000,0.000000,1.000000,0.000000,0.346667,49,88,1.000000,0.000000,0.490000,0.443182,0.020408,0.068182,0.000000,0.00000
4.684004,udp,443,SF,0,26,0,0,0,0,0,0,0,0,0,0,0,0,0,0,0,0,5,5,0.000000,0.000000,0.000000,0.000000,1.000000,0.000000,0.000000,10,89,1.000000,0.000000,0.100000,0.887640,0.000000,0.067416,0.000000,0.00000
0.200228,udp,443,SF,0,1252,0,0,0,0,0,0,0,0,0,0,0,0,0,0,0,0,50,71,0.020000,0.056338,0.000000,0.000000,1.000000,0.000000,0.295775,50,90,1.000000,0.000000,0.500000,0.444444,0.020000,0.066667,0.000000,0.00000
0.200231,udp,443,SF,0,1252,0,0,0,0,0,0,0,0,0,0,0,0,0,0,0,0,51,72,0.019608,0.055556,0.000000,0.000000,1.000000,0.000000,0.291667,51,91,1.000000,0.000000,0.510000,0.439560,0.019608,0.065934,0.000000,0.00000
0.200234,udp,443,SF,0,1252,0,0,0,0,0,0,0,0,0,0,0,0,0,0,0,0,52,73,0.019231,0.054795,0.000000,0.000000,1.000000,0.000000,0.287671,52,92,1.000000,0.000000,0.520000,0.434783,0.019231,0.065217,0.000000,0.00000
0.200236,udp,443,SF,0,1252,0,0,0,0,0,0,0,0,0,0,0,0,0,0,0,0,53,74,0.018868,0.054054,0.000000,0.000000,1.000000,0.000000,0.283784,53,92,1.000000,0.000000,0.530000,0.423913,0.018868,0.065217,0.000000,0.00000
0.200239,udp,443,SF,0,1252,0,0,0,0,0,0,0,0,0,0,0,0,0,0,0,0,54,75,0.018519,0.053333,0.000000,0.000000,1.000000,0.000000,0.280000,54,92,1.000000,0.000000,0.540000,0.413043,0.018519,0.065217,0.000000,0.00000
0.200241,udp,443,SF,0,1252,0,0,0,0,0,0,0,0,0,0,0,0,0,0,0,0,55,76,0.018182,0.052632,0.000000,0.000000,1.000000,0.000000,0.276316,55,93,1.000000,0.000000,0.550000,0.408602,0.018182,0.064516,0.000000,0.00000
0.200244,udp,443,SF,0,1252,0,0,0,0,0,0,0,0,0,0,0,0,0,0,0,0,56,77,0.017857,0.051948,0.000000,0.000000,1.000000,0.000000,0.272727,56,94,1.000000,0.000000,0.560000,0.404255,0.017857,0.063830,0.000000,0.00000
0.200246,udp,443,SF,0,1252,0,0,0,0,0,0,0,0,0,0,0,0,0,0,0,0,57,78,0.017544,0.051282,0.000000,0.000000,1.000000,0.000000,0.269231,57,94,1.000000,0.000000,0.570000,0.393617,0.017544,0.063830,0.000000,0.00000
0.200250,udp,443,SF,0,1252,0,0,0,0,0,0,0,0,0,0,0,0,0,0,0,0,58,79,0.017241,0.050633,0.000000,0.000000,1.000000,0.000000,0.265823,58,94,1.000000,0.000000,0.580000,0.382979,0.017241,0.063830,0.000000,0.00000
0.200403,udp,443,SF,0,0,0,0,0,0,0,0,0,0,0,0,0,0,0,0,0,0,59,80,0.016949,0.050000,0.000000,0.000000,1.000000,0.000000,0.262500,59,95,1.000000,0.000000,0.590000,0.378947,0.016949,0.063158,0.000000,0.00000
0.200457,udp,443,SF,0,0,0,0,0,0,0,0,0,0,0,0,0,0,0,0,0,0,60,81,0.016667,0.049383,0.000000,0.000000,1.000000,0.000000,0.259259,60,96,1.000000,0.000000,0.600000,0.375000,0.016667,0.062500,0.000000,0.00000
0.200506,udp,443,SF,0,0,0,0,0,0,0,0,0,0,0,0,0,0,0,0,0,0,61,82,0.016393,0.048780,0.000000,0.000000,1.000000,0.000000,0.256098,61,96,1.000000,0.000000,0.610000,0.364583,0.016393,0.062500,0.000000,0.00000
0.200531,udp,443,SF,0,0,0,0,0,0,0,0,0,0,0,0,0,0,0,0,0,0,62,83,0.016129,0.048193,0.000000,0.000000,1.000000,0.000000,0.253012,62,96,1.000000,0.000000,0.620000,0.354167,0.016129,0.052083,0.000000,0.00000
0.200553,udp,443,SF,0,0,0,0,0,0,0,0,0,0,0,0,0,0,0,0,0,0,63,84,0.015873,0.047619,0.000000,0.000000,1.000000,0.000000,0.250000,63,96,1.000000,0.000000,0.630000,0.343750,0.015873,0.041667,0.000000,0.00000
0.200574,udp,443,SF,0,0,0,0,0,0,0,0,0,0,0,0,0,0,0,0,0,0,64,85,0.015625,0.047059,0.000000,0.000000,1.000000,0.000000,0.247059,64,96,1.000000,0.000000,0.640000,0.333333,0.015625,0.041667,0.000000,0.00000
0.200594,udp,443,SF,0,0,0,0,0,0,0,0,0,0,0,0,0,0,0,0,0,0,65,86,0.015385,0.046512,0.000000,0.000000,1.000000,0.000000,0.244186,65,97,1.000000,0.000000,0.650000,0.329897,0.015385,0.041237,0.000000,0.00000
0.200618,udp,443,SF,0,0,0,0,0,0,0,0,0,0,0,0,0,0,0,0,0,0,66,87,0.015152,0.045977,0.000000,0.000000,1.000000,0.000000,0.241379,66,97,1.000000,0.000000,0.660000,0.319588,0.015152,0.041237,0.000000,0.00000
0.200640,udp,443,SF,0,0,0,0,0,0,0,0,0,0,0,0,0,0,0,0,0,0,67,88,0.014925,0.045455,0.000000,0.000000,1.000000,0.000000,0.238636,67,97,1.000000,0.000000,0.670000,0.309278,0.014925,0.041237,0.000000,0.00000
0.200670,udp,443,SF,0,0,0,0,0,0,0,0,0,0,0,0,0,0,0,0,0,0,68,89,0.014706,0.044944,0.000000,0.000000,1.000000,0.000000,0.235955,68,97,1.000000,0.000000,0.680000,0.298969,0.014706,0.041237,0.000000,0.00000
0.200701,udp,443,SF,0,0,0,0,0,0,0,0,0,0,0,0,0,0,0,0,0,0,69,90,0.014493,0.044444,0.000000,0.000000,1.000000,0.000000,0.233333,69,97,1.000000,0.000000,0.690000,0.288660,0.014493,0.041237,0.000000,0.00000
0.200722,udp,443,SF,0,0,0,0,0,0,0,0,0,0,0,0,0,0,0,0,0,0,70,91,0.014286,0.043956,0.000000,0.000000,1.000000,0.000000,0.230769,70,97,1.000000,0.000000,0.700000,0.278351,0.014286,0.041237,0.000000,0.00000
0.265864,tcp,443,OTH,32,28,0,0,0,0,0,0,0,0,0,0,0,0,0,0,0,0,0,92,0.000000,0.043478,0.000000,0.000000,0.000000,0.000000,1.000000,0,97,0.000000,0.000000,0.000000,1.000000,0.000000,0.041237,0.000000,0.00000
0.225822,udp,443,SF,0,0,0,0,0,0,0,0,0,0,0,0,0,0,0,0,0,0,71,93,0.014085,0.043011,0.000000,0.000000,1.000000,0.000000,0.236559,71,98,1.000000,0.000000,0.710000,0.275510,0.014085,0.040816,0.000000,0.00000
0.711434,udp,443,SF,0,31,0,0,0,0,0,0,0,0,0,0,0,0,0,0,0,0,12,94,0.000000,0.042553,0.000000,0.000000,1.000000,0.000000,0.872340,11,98,1.000000,0.000000,0.110000,0.887755,0.000000,0.040816,0.000000,0.00000
0.711472,udp,443,SF,0,31,0,0,0,0,0,0,0,0,0,0,0,0,0,0,0,0,13,95,0.000000,0.042105,0.000000,0.000000,1.000000,0.000000,0.863158,11,98,1.000000,0.000000,0.110000,0.887755,0.000000,0.040816,0.000000,0.00000
0.711477,udp,443,SF,0,31,0,0,0,0,0,0,0,0,0,0,0,0,0,0,0,0,14,96,0.000000,0.041667,0.000000,0.000000,1.000000,0.000000,0.854167,12,98,1.000000,0.000000,0.120000,0.877551,0.000000,0.040816,0.000000,0.00000
0.714355,udp,443,SF,0,1252,0,0,0,0,0,0,0,0,0,0,0,0,0,0,0,0,15,97,0.000000,0.041237,0.000000,0.000000,1.000000,0.000000,0.845361,13,98,1.000000,0.000000,0.130000,0.867347,0.000000,0.040816,0.000000,0.00000
0.714374,udp,443,SF,0,1252,0,0,0,0,0,0,0,0,0,0,0,0,0,0,0,0,16,98,0.000000,0.040816,0.000000,0.000000,1.000000,0.000000,0.836735,14,99,1.000000,0.000000,0.140000,0.858586,0.000000,0.040404,0.000000,0.00000
0.714378,udp,443,SF,0,1252,0,0,0,0,0,0,0,0,0,0,0,0,0,0,0,0,17,99,0.000000,0.040404,0.000000,0.000000,1.000000,0.000000,0.828283,15,100,1.000000,0.000000,0.150000,0.850000,0.000000,0.040000,0.000000,0.00000
0.714380,udp,443,SF,0,1252,0,0,0,0,0,0,0,0,0,0,0,0,0,0,0,0,18,100,0.000000,0.040000,0.000000,0.000000,1.000000,0.000000,0.820000,16,100,1.000000,0.000000,0.160000,0.840000,0.000000,0.040000,0.000000,0.00000
0.714383,udp,443,SF,0,1252,0,0,0,0,0,0,0,0,0,0,0,0,0,0,0,0,19,101,0.000000,0.039604,0.000000,0.000000,1.000000,0.000000,0.811881,16,100,1.000000,0.000000,0.160000,0.840000,0.000000,0.040000,0.000000,0.00000
0.714386,udp,443,SF,0,1252,0,0,0,0,0,0,0,0,0,0,0,0,0,0,0,0,20,102,0.000000,0.039216,0.000000,0.000000,1.000000,0.000000,0.803922,16,100,1.000000,0.000000,0.160000,0.840000,0.000000,0.040000,0.000000,0.00000
0.714390,udp,443,SF,0,1252,0,0,0,0,0,0,0,0,0,0,0,0,0,0,0,0,21,103,0.000000,0.038835,0.000000,0.000000,1.000000,0.000000,0.796117,16,100,1.000000,0.000000,0.160000,0.840000,0.000000,0.040000,0.000000,0.00000
0.714393,udp,443,SF,0,1252,0,0,0,0,0,0,0,0,0,0,0,0,0,0,0,0,22,104,0.000000,0.038462,0.000000,0.000000,1.000000,0.000000,0.788462,16,100,1.000000,0.000000,0.160000,0.840000,0.000000,0.040000,0.000000,0.00000
0.714397,udp,443,SF,0,1252,0,0,0,0,0,0,0,0,0,0,0,0,0,0,0,0,23,105,0.000000,0.038095,0.000000,0.000000,1.000000,0.000000,0.780952,17,100,1.000000,0.000000,0.170000,0.830000,0.000000,0.030000,0.000000,0.00000
0.714399,udp,443,SF,0,1252,0,0,0,0,0,0,0,0,0,0,0,0,0,0,0,0,24,106,0.000000,0.037736,0.000000,0.000000,1.000000,0.000000,0.773585,18,100,1.000000,0.000000,0.180000,0.820000,0.000000,0.020000,0.000000,0.00000
0.714403,udp,443,SF,0,1252,0,0,0,0,0,0,0,0,0,0,0,0,0,0,0,0,25,107,0.000000,0.037383,0.000000,0.000000,1.000000,0.000000,0.766355,19,100,1.000000,0.000000,0.190000,0.810000,0.000000,0.010000,0.000000,0.00000
0.714406,udp,443,SF,0,1252,0,0,0,0,0,0,0,0,0,0,0,0,0,0,0,0,26,108,0.000000,0.037037,0.000000,0.000000,1.000000,0.000000,0.759259,19,100,1.000000,0.000000,0.190000,0.810000,0.000000,0.010000,0.000000,0.00000
0.714408,udp,443,SF,0,562,0,0,0,0,0,0,0,0,0,0,0,0,0,0,0,0,27,109,0.000000,0.036697,0.000000,0.000000,1.000000,0.000000,0.752294,19,100,1.000000,0.000000,0.190000,0.810000,0.000000,0.010000,0.000000,0.00000
0.714556,udp,443,SF,0,0,0,0,0,0,0,0,0,0,0,0,0,0,0,0,0,0,28,110,0.000000,0.036364,0.000000,0.000000,1.000000,0.000000,0.745455,20,100,1.000000,0.000000,0.200000,0.800000,0.000000,0.010000,0.000000,0.00000
0.714645,udp,443,SF,0,0,0,0,0,0,0,0,0,0,0,0,0,0,0,0,0,0,29,111,0.000000,0.036036,0.000000,0.000000,1.000000,0.000000,0.738739,21,100,1.000000,0.000000,0.210000,0.790000,0.000000,0.010000,0.000000,0.00000
0.721143,udp,443,SF,0,0,0,0,0,0,0,0,0,0,0,0,0,0,0,0,0,0,30,112,0.000000,0.035714,0.000000,0.000000,1.000000,0.000000,0.732143,22,100,1.000000,0.000000,0.220000,0.780000,0.000000,0.010000,0.000000,0.00000
0.242168,udp,443,SF,0,1252,0,0,0,0,0,0,0,0,0,0,0,0,0,0,0,0,72,113,0.013889,0.035398,0.000000,0.000000,1.000000,0.000000,0.362832,67,100,1.000000,0.000000,0.670000,0.330000,0.000000,0.010000,0.000000,0.00000
0.243422,udp,443,SF,0,0,0,0,0,0,0,0,0,0,0,0,0,0,0,0,0,0,73,114,0.013699,0.035088,0.000000,0.000000,1.000000,0.000000,0.359649,67,100,1.000000,0.000000,0.670000,0.330000,0.000000,0.010000,0.000000,0.00000
0.244008,udp,443,SF,0,0,0,0,0,0,0,0,0,0,0,0,0,0,0,0,0,0,74,115,0.013514,0.034783,0.000000,0.000000,1.000000,0.000000,0.356522,67,100,1.000000,0.000000,0.670000,0.330000,0.000000,0.010000,0.000000,0.00000
0.244714,udp,443,SF,0,1252,0,0,0,0,0,0,0,0,0,0,0,0,0,0,0,0,75,116,0.013333,0.034483,0.000000,0.000000,1.000000,0.000000,0.353448,67,100,1.000000,0.000000,0.670000,0.330000,0.000000,0.010000,0.000000,0.00000
0.244738,udp,443,SF,0,1252,0,0,0,0,0,0,0,0,0,0,0,0,0,0,0,0,76,117,0.013158,0.034188,0.000000,0.000000,1.000000,0.000000,0.350427,67,100,1.000000,0.000000,0.670000,0.330000,0.000000,0.010000,0.000000,0.00000
0.244745,udp,443,SF,0,1252,0,0,0,0,0,0,0,0,0,0,0,0,0,0,0,0,77,118,0.012987,0.033898,0.000000,0.000000,1.000000,0.000000,0.347458,67,100,1.000000,0.000000,0.670000,0.330000,0.000000,0.010000,0.000000,0.00000
0.244751,udp,443,SF,0,1252,0,0,0,0,0,0,0,0,0,0,0,0,0,0,0,0,78,119,0.012821,0.033613,0.000000,0.000000,1.000000,0.000000,0.344538,68,100,1.000000,0.000000,0.680000,0.320000,0.000000,0.010000,0.000000,0.00000
0.244756,udp,443,SF,0,1252,0,0,0,0,0,0,0,0,0,0,0,0,0,0,0,0,79,120,0.012658,0.033333,0.000000,0.000000,1.000000,0.000000,0.341667,69,100,1.000000,0.000000,0.690000,0.310000,0.000000,0.000000,0.000000,0.00000
0.244761,udp,443,SF,0,1252,0,0,0,0,0,0,0,0,0,0,0,0,0,0,0,0,80,121,0.012500,0.033058,0.000000,0.000000,1.000000,0.000000,0.338843,70,100,1.000000,0.000000,0.700000,0.300000,0.000000,0.000000,0.000000,0.00000
0.244766,udp,443,SF,0,1252,0,0,0,0,0,0,0,0,0,0,0,0,0,0,0,0,81,122,0.012346,0.032787,0.000000,0.000000,1.000000,0.000000,0.336066,70,100,1.000000,0.000000,0.700000,0.300000,0.000000,0.000000,0.000000,0.00000
0.244771,udp,443,SF,0,1252,0,0,0,0,0,0,0,0,0,0,0,0,0,0,0,0,82,123,0.012195,0.032520,0.000000,0.000000,1.000000,0.000000,0.333333,70,100,1.000000,0.000000,0.700000,0.300000,0.000000,0.000000,0.000000,0.00000
0.244777,udp,443,SF,0,1252,0,0,0,0,0,0,0,0,0,0,0,0,0,0,0,0,83,124,0.012048,0.032258,0.000000,0.000000,1.000000,0.000000,0.330645,70,100,1.000000,0.000000,0.700000,0.300000,0.000000,0.000000,0.000000,0.00000
0.244781,udp,443,SF,0,1252,0,0,0,0,0,0,0,0,0,0,0,0,0,0,0,0,84,125,0.011905,0.032000,0.000000,0.000000,1.000000,0.000000,0.328000,70,100,1.000000,0.000000,0.700000,0.300000,0.000000,0.000000,0.000000,0.00000
0.244787,udp,443,SF,0,1252,0,0,0,0,0,0,0,0,0,0,0,0,0,0,0,0,85,126,0.011765,0.031746,0.000000,0.000000,1.000000,0.000000,0.325397,70,100,1.000000,0.000000,0.700000,0.300000,0.000000,0.000000,0.000000,0.00000
0.244791,udp,443,SF,0,1252,0,0,0,0,0,0,0,0,0,0,0,0,0,0,0,0,86,127,0.011628,0.031496,0.000000,0.000000,1.000000,0.000000,0.322835,70,100,1.000000,0.000000,0.700000,0.300000,0.000000,0.000000,0.000000,0.00000
0.244796,udp,443,SF,0,1050,0,0,0,0,0,0,0,0,0,0,0,0,0,0,0,0,87,128,0.011494,0.031250,0.000000,0.000000,1.000000,0.000000,0.320312,70,100,1.000000,0.000000,0.700000,0.300000,0.000000,0.000000,0.000000,0.00000
0.245400,udp,443,SF,0,0,0,0,0,0,0,0,0,0,0,0,0,0,0,0,0,0,88,129,0.011364,0.031008,0.000000,0.000000,1.000000,0.000000,0.317829,70,100,1.000000,0.000000,0.700000,0.300000,0.000000,0.000000,0.000000,0.00000
0.245488,udp,443,SF,0,0,0,0,0,0,0,0,0,0,0,0,0,0,0,0,0,0,89,130,0.011236,0.030769,0.000000,0.000000,1.000000,0.000000,0.315385,70,100,1.000000,0.000000,0.700000,0.300000,0.000000,0.000000,0.000000,0.00000
0.245554,udp,443,SF,0,0,0,0,0,0,0,0,0,0,0,0,0,0,0,0,0,0,90,131,0.011111,0.030534,0.000000,0.000000,1.000000,0.000000,0.312977,70,100,1.000000,0.000000,0.700000,0.300000,0.000000,0.000000,0.000000,0.00000
0.245612,udp,443,SF,0,0,0,0,0,0,0,0,0,0,0,0,0,0,0,0,0,0,91,132,0.010989,0.030303,0.000000,0.000000,1.000000,0.000000,0.310606,70,100,1.000000,0.000000,0.700000,0.300000,0.000000,0.000000,0.000000,0.00000
0.245650,udp,443,SF,0,0,0,0,0,0,0,0,0,0,0,0,0,0,0,0,0,0,92,133,0.010870,0.030075,0.000000,0.000000,1.000000,0.000000,0.308271,70,100,1.000000,0.000000,0.700000,0.300000,0.000000,0.000000,0.000000,0.00000
0.245685,udp,443,SF,0,0,0,0,0,0,0,0,0,0,0,0,0,0,0,0,0,0,93,134,0.010753,0.029851,0.000000,0.000000,1.000000,0.000000,0.305970,70,100,1.000000,0.000000,0.700000,0.300000,0.000000,0.000000,0.000000,0.00000
0.270933,udp,443,SF,0,0,0,0,0,0,0,0,0,0,0,0,0,0,0,0,0,0,94,135,0.010638,0.029630,0.000000,0.000000,1.000000,0.000000,0.303704,70,100,1.000000,0.000000,0.700000,0.300000,0.000000,0.000000,0.000000,0.00000
0.297795,udp,443,SF,0,28,0,0,0,0,0,0,0,0,0,0,0,0,0,0,0,0,95,136,0.010526,0.029412,0.000000,0.000000,1.000000,0.000000,0.301471,70,100,1.000000,0.000000,0.700000,0.300000,0.000000,0.000000,0.000000,0.00000
0.297807,udp,443,SF,0,28,0,0,0,0,0,0,0,0,0,0,0,0,0,0,0,0,96,137,0.010417,0.029197,0.000000,0.000000,1.000000,0.000000,0.299270,70,100,1.000000,0.000000,0.700000,0.300000,0.000000,0.000000,0.000000,0.00000
0.297811,udp,443,SF,0,1252,0,0,0,0,0,0,0,0,0,0,0,0,0,0,0,0,97,138,0.010309,0.028986,0.000000,0.000000,1.000000,0.000000,0.297101,70,100,1.000000,0.000000,0.700000,0.300000,0.000000,0.000000,0.000000,0.00000
0.297815,udp,443,SF,0,1252,0,0,0,0,0,0,0,0,0,0,0,0,0,0,0,0,98,139,0.010204,0.028777,0.000000,0.000000,1.000000,0.000000,0.294964,70,100,1.000000,0.000000,0.700000,0.300000,0.000000,0.000000,0.000000,0.00000
0.297820,udp,443,SF,0,1252,0,0,0,0,0,0,0,0,0,0,0,0,0,0,0,0,99,140,0.010101,0.028571,0.000000,0.000000,1.000000,0.000000,0.292857,70,100,1.000000,0.000000,0.700000,0.300000,0.000000,0.000000,0.000000,0.00000
0.297824,udp,443,SF,0,1252,0,0,0,0,0,0,0,0,0,0,0,0,0,0,0,0,100,141,0.010000,0.028369,0.000000,0.000000,1.000000,0.000000,0.290780,71,100,1.000000,0.000000,0.710000,0.290000,0.000000,0.000000,0.000000,0.00000
0.297828,udp,443,SF,0,1252,0,0,0,0,0,0,0,0,0,0,0,0,0,0,0,0,101,142,0.009901,0.028169,0.000000,0.000000,1.000000,0.000000,0.288732,71,100,1.000000,0.000000,0.710000,0.290000,0.000000,0.000000,0.000000,0.00000
0.777766,udp,443,SF,0,25,0,0,0,0,0,0,0,0,0,0,0,0,0,0,0,0,31,143,0.000000,0.027972,0.000000,0.000000,1.000000,0.000000,0.783217,22,100,1.000000,0.000000,0.220000,0.780000,0.000000,0.000000,0.000000,0.00000
0.297835,udp,443,SF,0,190,0,0,0,0,0,0,0,0,0,0,0,0,0,0,0,0,102,144,0.009804,0.027778,0.000000,0.000000,1.000000,0.000000,0.291667,70,100,1.000000,0.000000,0.700000,0.300000,0.000000,0.000000,0.000000,0.00000
0.298018,udp,443,SF,0,0,0,0,0,0,0,0,0,0,0,0,0,0,0,0,0,0,103,145,0.009709,0.027586,0.000000,0.000000,1.000000,0.000000,0.289655,70,100,1.000000,0.000000,0.700000,0.300000,0.000000,0.000000,0.000000,0.00000
0.298154,udp,443,SF,0,0,0,0,0,0,0,0,0,0,0,0,0,0,0,0,0,0,104,146,0.009615,0.027397,0.000000,0.000000,1.000000,0.000000,0.287671,70,100,1.000000,0.000000,0.700000,0.300000,0.000000,0.000000,0.000000,0.00000
0.298222,udp,443,SF,0,0,0,0,0,0,0,0,0,0,0,0,0,0,0,0,0,0,105,147,0.009524,0.027211,0.000000,0.000000,1.000000,0.000000,0.285714,70,100,1.000000,0.000000,0.700000,0.300000,0.000000,0.000000,0.000000,0.00000
0.298254,udp,443,SF,0,0,0,0,0,0,0,0,0,0,0,0,0,0,0,0,0,0,106,148,0.009434,0.027027,0.000000,0.000000,1.000000,0.000000,0.283784,71,100,1.000000,0.000000,0.710000,0.290000,0.000000,0.000000,0.000000,0.00000
0.298279,udp,443,SF,0,0,0,0,0,0,0,0,0,0,0,0,0,0,0,0,0,0,107,149,0.009346,0.026846,0.000000,0.000000,1.000000,0.000000,0.281879,72,100,1.000000,0.000000,0.720000,0.280000,0.000000,0.000000,0.000000,0.00000
0.825442,udp,443,SF,0,0,0,0,0,0,0,0,0,0,0,0,0,0,0,0,0,0,32,150,0.000000,0.026667,0.000000,0.000000,1.000000,0.000000,0.786667,23,100,1.000000,0.000000,0.230000,0.770000,0.000000,0.000000,0.000000,0.00000
0.825513,udp,443,SF,0,0,0,0,0,0,0,0,0,0,0,0,0,0,0,0,0,0,33,151,0.000000,0.026490,0.000000,0.000000,1.000000,0.000000,0.781457,24,100,1.000000,0.000000,0.240000,0.760000,0.000000,0.000000,0.000000,0.00000
0.825524,udp,443,SF,0,0,0,0,0,0,0,0,0,0,0,0,0,0,0,0,0,0,34,152,0.000000,0.026316,0.000000,0.000000,1.000000,0.000000,0.776316,25,100,1.000000,0.000000,0.250000,0.750000,0.000000,0.000000,0.000000,0.00000
0.825531,udp,443,SF,0,0,0,0,0,0,0,0,0,0,0,0,0,0,0,0,0,0,35,153,0.000000,0.026144,0.000000,0.000000,1.000000,0.000000,0.771242,26,100,1.000000,0.000000,0.260000,0.740000,0.000000,0.000000,0.000000,0.00000
0.830511,udp,443,SF,0,304,0,0,0,0,0,0,0,0,0,0,0,0,0,0,0,0,36,154,0.000000,0.025974,0.000000,0.000000,1.000000,0.000000,0.766234,26,100,1.000000,0.000000,0.260000,0.740000,0.000000,0.000000,0.000000,0.00000
0.830729,udp,443,SF,0,0,0,0,0,0,0,0,0,0,0,0,0,0,0,0,0,0,37,155,0.000000,0.025806,0.000000,0.000000,1.000000,0.000000,0.761290,26,100,1.000000,0.000000,0.260000,0.740000,0.000000,0.000000,0.000000,0.00000
0.381080,udp,443,SF,0,24,0,0,0,0,0,0,0,0,0,0,0,0,0,0,0,0,108,156,0.009259,0.025641,0.000000,0.000000,1.000000,0.000000,0.307692,72,100,1.000000,0.000000,0.720000,0.280000,0.000000,0.000000,0.000000,0.00000
1.442614,udp,137,S0,0,0,0,0,0,0,0,0,0,0,0,0,0,0,0,0,0,0,1,1,1.000000,1.000000,0.000000,0.000000,1.000000,0.000000,0.000000,0,0,0.000000,0.000000,0.000000,0.000000,0.000000,0.000000,0.000000,0.00000
0.864663,udp,443,SF,0,31,0,0,0,0,0,0,0,0,0,0,0,0,0,0,0,0,38,157,0.000000,0.025478,0.000000,0.000000,1.000000,0.000000,0.757962,26,99,1.000000,0.000000,0.260000,0.737374,0.000000,0.000000,0.000000,0.00000
0.871108,udp,443,SF,0,0,0,0,0,0,0,0,0,0,0,0,0,0,0,0,0,0,39,158,0.000000,0.025316,0.000000,0.000000,1.000000,0.000000,0.753165,27,99,1.000000,0.000000,0.270000,0.727273,0.000000,0.000000,0.000000,0.00000
0.880898,udp,443,SF,0,306,0,0,0,0,0,0,0,0,0,0,0,0,0,0,0,0,40,159,0.000000,0.025157,0.000000,0.000000,1.000000,0.000000,0.748428,28,99,1.000000,0.000000,0.280000,0.717172,0.000000,0.000000,0.000000,0.00000
0.881306,udp,443,SF,0,0,0,0,0,0,0,0,0,0,0,0,0,0,0,0,0,0,41,160,0.000000,0.025000,0.000000,0.000000,1.000000,0.000000,0.743750,29,99,1.000000,0.000000,0.290000,0.707071,0.000000,0.000000,0.000000,0.00000
4.886597,udp,443,SF,0,0,0,0,0,0,0,0,0,0,0,0,0,0,0,0,0,0,5,5,0.000000,0.000000,0.000000,0.000000,1.000000,0.000000,0.000000,1,99,1.000000,0.000000,0.010000,0.989899,0.000000,0.000000,0.000000,0.00000
0.050563,tcp,443,OTH,1,0,0,0,0,0,0,0,0,0,0,0,0,0,0,0,0,0,0,159,0.000000,0.025157,0.000000,0.000000,0.000000,0.000000,1.000000,0,99,0.000000,0.000000,0.000000,1.000000,0.000000,0.000000,0.000000,0.00000
0.897883,udp,443,SF,0,1252,0,0,0,0,0,0,0,0,0,0,0,0,0,0,0,0,40,160,0.000000,0.025000,0.000000,0.000000,1.000000,0.000000,0.750000,30,99,1.000000,0.000000,0.300000,0.696970,0.000000,0.000000,0.000000,0.00000
0.898176,udp,443,SF,0,0,0,0,0,0,0,0,0,0,0,0,0,0,0,0,0,0,41,161,0.000000,0.024845,0.000000,0.000000,1.000000,0.000000,0.745342,31,99,1.000000,0.000000,0.310000,0.686869,0.000000,0.000000,0.000000,0.00000
0.898753,udp,443,SF,0,1252,0,0,0,0,0,0,0,0,0,0,0,0,0,0,0,0,42,162,0.000000,0.024691,0.000000,0.000000,1.000000,0.000000,0.740741,32,99,1.000000,0.000000,0.320000,0.676768,0.000000,0.000000,0.000000,0.00000
0.898776,udp,443,SF,0,1252,0,0,0,0,0,0,0,0,0,0,0,0,0,0,0,0,43,163,0.000000,0.024540,0.000000,0.000000,1.000000,0.000000,0.736196,33,99,1.000000,0.000000,0.330000,0.666667,0.000000,0.000000,0.000000,0.00000
0.898793,udp,443,SF,0,1101,0,0,0,0,0,0,0,0,0,0,0,0,0,0,0,0,44,164,0.000000,0.024390,0.000000,0.000000,1.000000,0.000000,0.731707,34,99,1.000000,0.000000,0.340000,0.656566,0.000000,0.000000,0.000000,0.00000
0.898803,udp,443,SF,0,1252,0,0,0,0,0,0,0,0,0,0,0,0,0,0,0,0,45,165,0.000000,0.024242,0.000000,0.000000,1.000000,0.000000,0.727273,35,99,1.000000,0.000000,0.350000,0.646465,0.000000,0.000000,0.000000,0.00000
0.898812,udp,443,SF,0,1252,0,0,0,0,0,0,0,0,0,0,0,0,0,0,0,0,46,166,0.000000,0.024096,0.000000,0.000000,1.000000,0.000000,0.722892,36,99,1.000000,0.000000,0.360000,0.636364,0.000000,0.000000,0.000000,0.00000
0.898822,udp,443,SF,0,1252,0,0,0,0,0,0,0,0,0,0,0,0,0,0,0,0,47,167,0.000000,0.023952,0.000000,0.000000,1.000000,0.000000,0.718563,37,99,1.000000,0.000000,0.370000,0.626263,0.000000,0.000000,0.000000,0.00000
0.898830,udp,443,SF,0,1252,0,0,0,0,0,0,0,0,0,0,0,0,0,0,0,0,48,168,0.000000,0.023810,0.000000,0.000000,1.000000,0.000000,0.714286,38,99,1.000000,0.000000,0.380000,0.616162,0.000000,0.000000,0.000000,0.00000
0.898839,udp,443,SF,0,755,0,0,0,0,0,0,0,0,0,0,0,0,0,0,0,0,49,169,0.000000,0.023669,0.000000,0.000000,1.000000,0.000000,0.710059,39,99,1.000000,0.000000,0.390000,0.606061,0.000000,0.000000,0.000000,0.00000
0.899665,udp,443,SF,0,0,0,0,0,0,0,0,0,0,0,0,0,0,0,0,0,0,50,170,0.000000,0.023529,0.000000,0.000000,1.000000,0.000000,0.705882,40,99,1.000000,0.000000,0.400000,0.595960,0.000000,0.000000,0.000000,0.00000
0.905445,udp,443,SF,0,0,0,0,0,0,0,0,0,0,0,0,0,0,0,0,0,0,51,171,0.000000,0.023392,0.000000,0.000000,1.000000,0.000000,0.701754,41,99,1.000000,0.000000,0.410000,0.585859,0.000000,0.000000,0.000000,0.00000
4.938287,udp,443,SF,0,26,0,0,0,0,0,0,0,0,0,0,0,0,0,0,0,0,4,4,0.000000,0.000000,0.000000,0.000000,1.000000,0.000000,0.000000,1,99,1.000000,0.000000,0.010000,0.989899,0.000000,0.000000,0.000000,0.00000
0.935047,udp,443,SF,0,25,0,0,0,0,0,0,0,0,0,0,0,0,0,0,0,0,52,172,0.000000,0.023256,0.000000,0.000000,1.000000,0.000000,0.697674,42,99,1.000000,0.000000,0.420000,0.575758,0.000000,0.000000,0.000000,0.00000
1.038985,udp,443,SF,0,145,0,0,0,0,0,0,0,0,0,0,0,0,0,0,0,0,53,173,0.000000,0.023121,0.000000,0.000000,1.000000,0.000000,0.693642,43,99,1.000000,0.000000,0.430000,0.565657,0.000000,0.000000,0.000000,0.00000
1.039395,udp,443,SF,0,0,0,0,0,0,0,0,0,0,0,0,0,0,0,0,0,0,54,174,0.000000,0.022989,0.000000,0.000000,1.000000,0.000000,0.689655,44,99,1.000000,0.000000,0.440000,0.555556,0.000000,0.000000,0.000000,0.00000
1.076577,udp,443,SF,0,25,0,0,0,0,0,0,0,0,0,0,0,0,0,0,0,0,55,175,0.000000,0.022857,0.000000,0.000000,1.000000,0.000000,0.685714,45,99,1.000000,0.000000,0.450000,0.545455,0.000000,0.000000,0.000000,0.00000
5.139544,udp,443,SF,0,0,0,0,0,0,0,0,0,0,0,0,0,0,0,0,0,0,4,4,0.000000,0.000000,0.000000,0.000000,1.000000,0.000000,0.000000,2,99,1.000000,0.000000,0.020000,0.979798,0.000000,0.000000,0.000000,0.00000
0.000000,udp,56,OTH,0,0,0,0,0,0,0,0,0,0,0,0,0,0,0,0,0,0,1,0,1.000000,0.000000,0.000000,0.000000,0.000000,1.000000,0.000000,1,0,0.000000,1.000000,0.000000,0.000000,1.000000,0.000000,0.000000,0.00000
0.000000,udp,63,OTH,0,0,0,0,0,0,0,0,0,0,0,0,0,0,0,0,0,0,2,0,0.500000,0.000000,0.000000,0.000000,0.000000,1.000000,0.000000,2,0,0.000000,1.000000,0.000000,0.000000,0.500000,0.000000,0.000000,0.00000
5.195070,udp,443,SF,0,26,0,0,0,0,0,0,0,0,0,0,0,0,0,0,0,0,4,4,0.000000,0.000000,0.000000,0.000000,1.000000,0.000000,0.000000,3,97,1.000000,0.000000,0.030000,0.969072,0.000000,0.000000,0.000000,0.00000
5.395510,udp,443,SF,0,0,0,0,0,0,0,0,0,0,0,0,0,0,0,0,0,0,5,5,0.000000,0.000000,0.000000,0.000000,1.000000,0.000000,0.000000,4,97,1.000000,0.000000,0.040000,0.958763,0.000000,0.000000,0.000000,0.00000
5.434943,udp,443,SF,0,26,0,0,0,0,0,0,0,0,0,0,0,0,0,0,0,0,6,6,0.000000,0.000000,0.000000,0.000000,1.000000,0.000000,0.000000,5,97,1.000000,0.000000,0.050000,0.948454,0.000000,0.000000,0.000000,0.00000
0.000000,udp,53,S0,0,0,0,0,0,0,0,0,0,0,0,0,0,0,0,0,0,0,0,0,0.000000,0.000000,0.000000,0.000000,0.000000,0.000000,0.000000,0,0,0.000000,0.000000,0.000000,0.000000,0.000000,0.000000,0.000000,0.00000
0.000000,udp,53,S0,0,0,0,0,0,0,0,0,0,0,0,0,0,0,0,0,0,0,0,1,0.000000,1.000000,0.000000,0.000000,0.000000,0.000000,1.000000,0,1,0.000000,0.000000,0.000000,1.000000,0.000000,1.000000,0.000000,0.00000
0.000000,udp,443,S0,0,0,0,0,0,0,0,0,0,0,0,0,0,0,0,0,0,0,59,107,0.000000,0.000000,0.000000,0.000000,1.000000,0.000000,0.448598,41,95,1.000000,0.000000,0.000000,0.568421,0.000000,0.000000,0.000000,0.00000
0.002376,udp,53,SF,0,72,0,0,0,0,0,0,0,0,0,0,0,0,0,0,0,0,1,2,1.000000,1.000000,0.000000,0.000000,1.000000,0.000000,0.500000,1,2,1.000000,0.000000,0.010000,0.500000,1.000000,1.000000,0.000000,0.00000
0.002722,udp,53,SF,0,90,0,0,0,0,0,0,0,0,0,0,0,0,0,0,0,0,1,3,1.000000,0.666667,0.000000,0.000000,1.000000,0.000000,0.666667,1,3,1.000000,0.000000,0.010000,0.666667,1.000000,0.666667,0.000000,0.00000
1.436500,udp,443,SF,0,0,0,0,0,0,0,0,0,0,0,0,0,0,0,0,0,0,46,107,0.000000,0.000000,0.000000,0.000000,1.000000,0.000000,0.570093,46,93,1.000000,0.000000,0.460000,0.505376,0.000000,0.010753,0.000000,0.00000
1.443907,udp,443,SF,0,0,0,0,0,0,0,0,0,0,0,0,0,0,0,0,0,0,47,108,0.000000,0.000000,0.000000,0.000000,1.000000,0.000000,0.564815,47,93,1.000000,0.000000,0.470000,0.494624,0.000000,0.010753,0.000000,0.00000
1.443977,udp,443,SF,0,0,0,0,0,0,0,0,0,0,0,0,0,0,0,0,0,0,48,109,0.000000,0.000000,0.000000,0.000000,1.000000,0.000000,0.559633,48,93,1.000000,0.000000,0.480000,0.483871,0.000000,0.010753,0.000000,0.00000
1.459291,udp,443,SF,0,31,0,0,0,0,0,0,0,0,0,0,0,0,0,0,0,0,49,110,0.000000,0.000000,0.000000,0.000000,1.000000,0.000000,0.554545,48,93,1.000000,0.000000,0.480000,0.483871,0.000000,0.010753,0.000000,0.00000
0.026309,udp,443,SF,0,1252,0,0,0,0,0,0,0,0,0,0,0,0,0,0,0,0,60,112,0.016667,0.008929,0.000000,0.000000,1.000000,0.000000,0.464286,38,93,1.000000,0.000000,0.010000,0.591398,0.026316,0.010753,0.000000,0.00000
0.026666,udp,443,SF,0,192,0,0,0,0,0,0,0,0,0,0,0,0,0,0,0,0,61,113,0.016393,0.008850,0.000000,0.000000,1.000000,0.000000,0.460177,39,93,1.000000,0.000000,0.020000,0.580645,0.025641,0.010753,0.000000,0.00000
0.026674,udp,443,SF,0,56,0,0,0,0,0,0,0,0,0,0,0,0,0,0,0,0,62,114,0.016129,0.008772,0.000000,0.000000,1.000000,0.000000,0.456140,40,93,1.000000,0.000000,0.030000,0.569892,0.025000,0.010753,0.000000,0.00000
0.027468,udp,443,SF,0,0,0,0,0,0,0,0,0,0,0,0,0,0,0,0,0,0,63,115,0.015873,0.008696,0.000000,0.000000,1.000000,0.000000,0.452174,41,93,1.000000,0.000000,0.040000,0.559140,0.024390,0.010753,0.000000,0.00000
1.466002,udp,443,SF,0,0,0,0,0,0,0,0,0,0,0,0,0,0,0,0,0,0,50,111,0.000000,0.000000,0.000000,0.000000,1.000000,0.000000,0.549550,44,93,1.000000,0.000000,0.440000,0.526882,0.000000,0.010753,0.000000,0.00000
0.000000,udp,137,S0,0,0,0,0,0,0,0,0,0,0,0,0,0,0,0,0,0,0,3,1,0.333333,1.000000,0.000000,0.000000,0.333333,0.666667,0.000000,3,1,0.333333,0.666667,0.010000,0.000000,0.333333,1.000000,0.000000,0.00000
2.765456,udp,5353,S0,0,0,0,0,0,0,0,0,0,0,0,0,0,0,0,0,0,0,0,0,0.000000,0.000000,0.000000,0.000000,0.000000,0.000000,0.000000,0,0,0.000000,0.000000,0.000000,0.000000,0.000000,0.000000,0.000000,0.00000
2.765734,udp,5353,S0,0,0,0,0,0,0,0,0,0,0,0,0,0,0,0,0,0,0,0,1,0.000000,1.000000,0.000000,0.000000,0.000000,0.000000,1.000000,0,1,0.000000,0.000000,0.010000,1.000000,0.000000,1.000000,0.000000,0.00000
1.485190,udp,443,SF,0,31,0,0,0,0,0,0,0,0,0,0,0,0,0,0,0,0,21,22,0.000000,0.000000,0.000000,0.000000,1.000000,0.000000,0.045455,41,90,1.000000,0.000000,0.410000,0.544444,0.000000,0.011111,0.000000,0.00000
0.051649,udp,443,SF,0,39,0,0,0,0,0,0,0,0,0,0,0,0,0,0,0,0,5,28,0.200000,0.035714,0.000000,0.000000,1.000000,0.000000,0.821429,42,90,1.000000,0.000000,0.050000,0.533333,0.023810,0.011111,0.000000,0.00000
0.052014,udp,443,SF,0,239,0,0,0,0,0,0,0,0,0,0,0,0,0,0,0,0,6,29,0.166667,0.034483,0.000000,0.000000,1.000000,0.000000,0.793103,43,90,1.000000,0.000000,0.060000,0.522222,0.023256,0.011111,0.000000,0.00000
0.052118,udp,443,SF,0,0,0,0,0,0,0,0,0,0,0,0,0,0,0,0,0,0,7,30,0.142857,0.033333,0.000000,0.000000,1.000000,0.000000,0.766667,44,90,1.000000,0.000000,0.070000,0.511111,0.022727,0.011111,0.000000,0.00000
1.489342,udp,443,SF,0,25,0,0,0,0,0,0,0,0,0,0,0,0,0,0,0,0,22,23,0.000000,0.000000,0.000000,0.000000,1.000000,0.000000,0.043478,38,90,1.000000,0.000000,0.380000,0.577778,0.000000,0.011111,0.000000,0.00000
1.491592,udp,443,SF,0,0,0,0,0,0,0,0,0,0,0,0,0,0,0,0,0,0,23,24,0.000000,0.000000,0.000000,0.000000,1.000000,0.000000,0.041667,38,90,1.000000,0.000000,0.380000,0.577778,0.000000,0.011111,0.000000,0.00000
0.170228,tcp,443,OTH,422,119,0,0,0,0,0,0,0,0,0,0,0,0,0,0,0,0,0,33,0.000000,0.030303,0.000000,0.000000,0.000000,0.000000,1.000000,0,90,0.000000,0.000000,0.000000,1.000000,0.000000,0.011111,0.000000,0.00000
5.635580,udp,443,SF,0,0,0,0,0,0,0,0,0,0,0,0,0,0,0,0,0,0,5,5,0.000000,0.000000,0.000000,0.000000,1.000000,0.000000,0.000000,6,90,1.000000,0.000000,0.060000,0.933333,0.000000,0.011111,0.000000,0.00000
1.637551,udp,443,SF,0,170,0,0,0,0,0,0,0,0,0,0,0,0,0,0,0,0,12,12,0.000000,0.000000,0.000000,0.000000,1.000000,0.000000,0.000000,36,90,1.000000,0.000000,0.360000,0.600000,0.000000,0.011111,0.000000,0.00000
1.637844,udp,443,SF,0,0,0,0,0,0,0,0,0,0,0,0,0,0,0,0,0,0,13,13,0.000000,0.000000,0.000000,0.000000,1.000000,0.000000,0.000000,36,90,1.000000,0.000000,0.360000,0.600000,0.000000,0.011111,0.000000,0.00000
1.649220,udp,443,SF,0,1252,0,0,0,0,0,0,0,0,0,0,0,0,0,0,0,0,14,14,0.000000,0.000000,0.000000,0.000000,1.000000,0.000000,0.000000,37,90,1.000000,0.000000,0.370000,0.588889,0.000000,0.011111,0.000000,0.00000
1.649481,udp,443,SF,0,0,0,0,0,0,0,0,0,0,0,0,0,0,0,0,0,0,15,15,0.000000,0.000000,0.000000,0.000000,1.000000,0.000000,0.000000,38,90,1.000000,0.000000,0.380000,0.577778,0.000000,0.011111,0.000000,0.00000
1.653591,udp,443,SF,0,1252,0,0,0,0,0,0,0,0,0,0,0,0,0,0,0,0,16,16,0.000000,0.000000,0.000000,0.000000,1.000000,0.000000,0.000000,39,90,1.000000,0.000000,0.390000,0.566667,0.000000,0.011111,0.000000,0.00000
1.653613,udp,443,SF,0,1252,0,0,0,0,0,0,0,0,0,0,0,0,0,0,0,0,17,17,0.000000,0.000000,0.000000,0.000000,1.000000,0.000000,0.000000,40,90,1.000000,0.000000,0.400000,0.555556,0.000000,0.011111,0.000000,0.00000
1.653618,udp,443,SF,0,1252,0,0,0,0,0,0,0,0,0,0,0,0,0,0,0,0,18,18,0.000000,0.000000,0.000000,0.000000,1.000000,0.000000,0.000000,41,90,1.000000,0.000000,0.410000,0.544444,0.000000,0.011111,0.000000,0.00000
1.653621,udp,443,SF,0,1252,0,0,0,0,0,0,0,0,0,0,0,0,0,0,0,0,19,19,0.000000,0.000000,0.000000,0.000000,1.000000,0.000000,0.000000,42,90,1.000000,0.000000,0.420000,0.533333,0.000000,0.011111,0.000000,0.00000
1.653625,udp,443,SF,0,1252,0,0,0,0,0,0,0,0,0,0,0,0,0,0,0,0,20,20,0.000000,0.000000,0.000000,0.000000,1.000000,0.000000,0.000000,43,90,1.000000,0.000000,0.430000,0.522222,0.000000,0.011111,0.000000,0.00000
1.653629,udp,443,SF,0,1252,0,0,0,0,0,0,0,0,0,0,0,0,0,0,0,0,21,21,0.000000,0.000000,0.000000,0.000000,1.000000,0.000000,0.000000,44,90,1.000000,0.000000,0.440000,0.511111,0.000000,0.011111,0.000000,0.00000
1.653632,udp,443,SF,0,788,0,0,0,0,0,0,0,0,0,0,0,0,0,0,0,0,22,22,0.000000,0.000000,0.000000,0.000000,1.000000,0.000000,0.000000,45,90,1.000000,0.000000,0.450000,0.500000,0.000000,0.011111,0.000000,0.00000
1.659531,udp,443,SF,0,0,0,0,0,0,0,0,0,0,0,0,0,0,0,0,0,0,23,23,0.000000,0.000000,0.000000,0.000000,1.000000,0.000000,0.000000,46,90,1.000000,0.000000,0.460000,0.488889,0.000000,0.011111,0.000000,0.00000
1.663518,udp,443,SF,0,0,0,0,0,0,0,0,0,0,0,0,0,0,0,0,0,0,24,24,0.000000,0.000000,0.000000,0.000000,1.000000,0.000000,0.000000,47,90,1.000000,0.000000,0.470000,0.477778,0.000000,0.011111,0.000000,0.00000
1.663599,udp,443,SF,0,0,0,0,0,0,0,0,0,0,0,0,0,0,0,0,0,0,25,25,0.000000,0.000000,0.000000,0.000000,1.000000,0.000000,0.000000,48,90,1.000000,0.000000,0.480000,0.466667,0.000000,0.011111,0.000000,0.00000
1.663619,udp,443,SF,0,0,0,0,0,0,0,0,0,0,0,0,0,0,0,0,0,0,26,26,0.000000,0.000000,0.000000,0.000000,1.000000,0.000000,0.000000,49,90,1.000000,0.000000,0.490000,0.455556,0.000000,0.011111,0.000000,0.00000
1.669316,udp,443,SF,0,0,0,0,0,0,0,0,0,0,0,0,0,0,0,0,0,0,27,27,0.000000,0.000000,0.000000,0.000000,1.000000,0.000000,0.000000,50,90,1.000000,0.000000,0.500000,0.444444,0.000000,0.011111,0.000000,0.00000
1.669384,udp,443,SF,0,0,0,0,0,0,0,0,0,0,0,0,0,0,0,0,0,0,28,28,0.000000,0.000000,0.000000,0.000000,1.000000,0.000000,0.000000,51,90,1.000000,0.000000,0.510000,0.433333,0.000000,0.011111,0.000000,0.00000
1.669397,udp,443,SF,0,0,0,0,0,0,0,0,0,0,0,0,0,0,0,0,0,0,29,29,0.000000,0.000000,0.000000,0.000000,1.000000,0.000000,0.000000,52,90,1.000000,0.000000,0.520000,0.422222,0.000000,0.011111,0.000000,0.00000
5.673484,udp,443,SF,0,26,0,0,0,0,0,0,0,0,0,0,0,0,0,0,0,0,5,5,0.000000,0.000000,0.000000,0.000000,1.000000,0.000000,0.000000,7,90,1.000000,0.000000,0.070000,0.922222,0.000000,0.011111,0.000000,0.00000
1.686352,udp,443,SF,0,25,0,0,0,0,0,0,0,0,0,0,0,0,0,0,0,0,26,26,0.000000,0.000000,0.000000,0.000000,1.000000,0.000000,0.000000,53,90,1.000000,0.000000,0.530000,0.411111,0.000000,0.011111,0.000000,0.00000
1.732226,udp,443,SF,0,31,0,0,0,0,0,0,0,0,0,0,0,0,0,0,0,0,27,27,0.000000,0.000000,0.000000,0.000000,1.000000,0.000000,0.000000,54,90,1.000000,0.000000,0.540000,0.400000,0.000000,0.011111,0.000000,0.00000
1.740031,udp,443,SF,0,32,0,0,0,0,0,0,0,0,0,0,0,0,0,0,0,0,28,28,0.000000,0.000000,0.000000,0.000000,1.000000,0.000000,0.000000,55,90,1.000000,0.000000,0.550000,0.388889,0.000000,0.011111,0.000000,0.00000
1.745549,udp,443,SF,0,0,0,0,0,0,0,0,0,0,0,0,0,0,0,0,0,0,29,29,0.000000,0.000000,0.000000,0.000000,1.000000,0.000000,0.000000,56,90,1.000000,0.000000,0.560000,0.377778,0.000000,0.011111,0.000000,0.00000
1.756950,udp,443,SF,0,1252,0,0,0,0,0,0,0,0,0,0,0,0,0,0,0,0,30,30,0.000000,0.000000,0.000000,0.000000,1.000000,0.000000,0.000000,57,90,1.000000,0.000000,0.570000,0.366667,0.000000,0.011111,0.000000,0.00000
1.763371,udp,443,SF,0,0,0,0,0,0,0,0,0,0,0,0,0,0,0,0,0,0,31,31,0.000000,0.000000,0.000000,0.000000,1.000000,0.000000,0.000000,58,90,1.000000,0.000000,0.580000,0.355556,0.000000,0.011111,0.000000,0.00000
1.765985,udp,443,SF,0,1252,0,0,0,0,0,0,0,0,0,0,0,0,0,0,0,0,32,32,0.000000,0.000000,0.000000,0.000000,1.000000,0.000000,0.000000,59,90,1.000000,0.000000,0.590000,0.344444,0.000000,0.011111,0.000000,0.00000
1.766012,udp,443,SF,0,1252,0,0,0,0,0,0,0,0,0,0,0,0,0,0,0,0,33,33,0.000000,0.000000,0.000000,0.000000,1.000000,0.000000,0.000000,60,90,1.000000,0.000000,0.600000,0.333333,0.000000,0.011111,0.000000,0.00000
1.766018,udp,443,SF,0,1252,0,0,0,0,0,0,0,0,0,0,0,0,0,0,0,0,34,34,0.000000,0.000000,0.000000,0.000000,1.000000,0.000000,0.000000,61,90,1.000000,0.000000,0.610000,0.322222,0.000000,0.011111,0.000000,0.00000
1.766023,udp,443,SF,0,1252,0,0,0,0,0,0,0,0,0,0,0,0,0,0,0,0,35,35,0.000000,0.000000,0.000000,0.000000,1.000000,0.000000,0.000000,62,90,1.000000,0.000000,0.620000,0.311111,0.000000,0.011111,0.000000,0.00000
1.766028,udp,443,SF,0,1252,0,0,0,0,0,0,0,0,0,0,0,0,0,0,0,0,36,36,0.000000,0.000000,0.000000,0.000000,1.000000,0.000000,0.000000,63,90,1.000000,0.000000,0.630000,0.300000,0.000000,0.011111,0.000000,0.00000
1.766033,udp,443,SF,0,1252,0,0,0,0,0,0,0,0,0,0,0,0,0,0,0,0,37,37,0.000000,0.000000,0.000000,0.000000,1.000000,0.000000,0.000000,64,90,1.000000,0.000000,0.640000,0.288889,0.000000,0.011111,0.000000,0.00000
1.766038,udp,443,SF,0,1252,0,0,0,0,0,0,0,0,0,0,0,0,0,0,0,0,38,38,0.000000,0.000000,0.000000,0.000000,1.000000,0.000000,0.000000,65,90,1.000000,0.000000,0.650000,0.277778,0.000000,0.011111,0.000000,0.00000
1.766043,udp,443,SF,0,1252,0,0,0,0,0,0,0,0,0,0,0,0,0,0,0,0,39,39,0.000000,0.000000,0.000000,0.000000,1.000000,0.000000,0.000000,65,90,1.000000,0.000000,0.650000,0.277778,0.000000,0.011111,0.000000,0.00000
1.766048,udp,443,SF,0,1252,0,0,0,0,0,0,0,0,0,0,0,0,0,0,0,0,40,40,0.000000,0.000000,0.000000,0.000000,1.000000,0.000000,0.000000,66,90,1.000000,0.000000,0.660000,0.266667,0.000000,0.011111,0.000000,0.00000
1.766053,udp,443,SF,0,1252,0,0,0,0,0,0,0,0,0,0,0,0,0,0,0,0,41,41,0.000000,0.000000,0.000000,0.000000,1.000000,0.000000,0.000000,67,90,1.000000,0.000000,0.670000,0.255556,0.000000,0.011111,0.000000,0.00000
1.766058,udp,443,SF,0,1252,0,0,0,0,0,0,0,0,0,0,0,0,0,0,0,0,42,42,0.000000,0.000000,0.000000,0.000000,1.000000,0.000000,0.000000,68,90,1.000000,0.000000,0.680000,0.244444,0.000000,0.011111,0.000000,0.00000
1.766062,udp,443,SF,0,1252,0,0,0,0,0,0,0,0,0,0,0,0,0,0,0,0,43,43,0.000000,0.000000,0.000000,0.000000,1.000000,0.000000,0.000000,69,90,1.000000,0.000000,0.690000,0.233333,0.000000,0.011111,0.000000,0.00000
1.766068,udp,443,SF,0,1252,0,0,0,0,0,0,0,0,0,0,0,0,0,0,0,0,44,44,0.000000,0.000000,0.000000,0.000000,1.000000,0.000000,0.000000,70,90,1.000000,0.000000,0.700000,0.222222,0.000000,0.011111,0.000000,0.00000
1.766073,udp,443,SF,0,1252,0,0,0,0,0,0,0,0,0,0,0,0,0,0,0,0,45,45,0.000000,0.000000,0.000000,0.000000,1.000000,0.000000,0.000000,71,90,1.000000,0.000000,0.710000,0.211111,0.000000,0.011111,0.000000,0.00000
1.766078,udp,443,SF,0,1252,0,0,0,0,0,0,0,0,0,0,0,0,0,0,0,0,46,46,0.000000,0.000000,0.000000,0.000000,1.000000,0.000000,0.000000,71,90,1.000000,0.000000,0.710000,0.211111,0.000000,0.011111,0.000000,0.00000
1.766082,udp,443,SF,0,1252,0,0,0,0,0,0,0,0,0,0,0,0,0,0,0,0,47,47,0.000000,0.000000,0.000000,0.000000,1.000000,0.000000,0.000000,71,90,1.000000,0.000000,0.710000,0.211111,0.000000,0.011111,0.000000,0.00000
1.766187,udp,443,SF,0,0,0,0,0,0,0,0,0,0,0,0,0,0,0,0,0,0,48,48,0.000000,0.000000,0.000000,0.000000,1.000000,0.000000,0.000000,71,90,1.000000,0.000000,0.710000,0.211111,0.000000,0.011111,0.000000,0.00000
1.767014,udp,443,SF,0,1252,0,0,0,0,0,0,0,0,0,0,0,0,0,0,0,0,49,49,0.000000,0.000000,0.000000,0.000000,1.000000,0.000000,0.000000,71,90,1.000000,0.000000,0.710000,0.211111,0.000000,0.011111,0.000000,0.00000
1.767076,udp,443,SF,0,1252,0,0,0,0,0,0,0,0,0,0,0,0,0,0,0,0,50,50,0.000000,0.000000,0.000000,0.000000,1.000000,0.000000,0.000000,71,90,1.000000,0.000000,0.710000,0.211111,0.000000,0.011111,0.000000,0.00000
1.767082,udp,443,SF,0,1252,0,0,0,0,0,0,0,0,0,0,0,0,0,0,0,0,51,51,0.000000,0.000000,0.000000,0.000000,1.000000,0.000000,0.000000,71,90,1.000000,0.000000,0.710000,0.211111,0.000000,0.011111,0.000000,0.00000
1.767086,udp,443,SF,0,1252,0,0,0,0,0,0,0,0,0,0,0,0,0,0,0,0,52,52,0.000000,0.000000,0.000000,0.000000,1.000000,0.000000,0.000000,72,90,1.000000,0.000000,0.720000,0.200000,0.000000,0.011111,0.000000,0.00000
1.767090,udp,443,SF,0,1252,0,0,0,0,0,0,0,0,0,0,0,0,0,0,0,0,53,53,0.000000,0.000000,0.000000,0.000000,1.000000,0.000000,0.000000,73,91,1.000000,0.000000,0.730000,0.197802,0.000000,0.010989,0.000000,0.00000
1.767094,udp,443,SF,0,1252,0,0,0,0,0,0,0,0,0,0,0,0,0,0,0,0,54,54,0.000000,0.000000,0.000000,0.000000,1.000000,0.000000,0.000000,73,91,1.000000,0.000000,0.730000,0.197802,0.000000,0.010989,0.000000,0.00000
1.767098,udp,443,SF,0,1252,0,0,0,0,0,0,0,0,0,0,0,0,0,0,0,0,55,55,0.000000,0.000000,0.000000,0.000000,1.000000,0.000000,0.000000,73,91,1.000000,0.000000,0.730000,0.197802,0.000000,0.010989,0.000000,0.00000
1.767102,udp,443,SF,0,1252,0,0,0,0,0,0,0,0,0,0,0,0,0,0,0,0,56,56,0.000000,0.000000,0.000000,0.000000,1.000000,0.000000,0.000000,73,91,1.000000,0.000000,0.730000,0.197802,0.000000,0.010989,0.000000,0.00000
1.767106,udp,443,SF,0,1252,0,0,0,0,0,0,0,0,0,0,0,0,0,0,0,0,57,57,0.000000,0.000000,0.000000,0.000000,1.000000,0.000000,0.000000,73,91,1.000000,0.000000,0.730000,0.197802,0.000000,0.010989,0.000000,0.00000
1.767109,udp,443,SF,0,1252,0,0,0,0,0,0,0,0,0,0,0,0,0,0,0,0,58,58,0.000000,0.000000,0.000000,0.000000,1.000000,0.000000,0.000000,74,91,1.000000,0.000000,0.740000,0.186813,0.000000,0.010989,0.000000,0.00000
1.767114,udp,443,SF,0,1252,0,0,0,0,0,0,0,0,0,0,0,0,0,0,0,0,59,59,0.000000,0.000000,0.000000,0.000000,1.000000,0.000000,0.000000,75,91,1.000000,0.000000,0.750000,0.175824,0.000000,0.010989,0.000000,0.00000
1.767117,udp,443,SF,0,1252,0,0,0,0,0,0,0,0,0,0,0,0,0,0,0,0,60,60,0.000000,0.000000,0.000000,0.000000,1.000000,0.000000,0.000000,75,91,1.000000,0.000000,0.750000,0.175824,0.000000,0.010989,0.000000,0.00000
1.767121,udp,443,SF,0,1252,0,0,0,0,0,0,0,0,0,0,0,0,0,0,0,0,61,61,0.000000,0.000000,0.000000,0.000000,1.000000,0.000000,0.000000,75,91,1.000000,0.000000,0.750000,0.175824,0.000000,0.010989,0.000000,0.00000
1.767125,udp,443,SF,0,1252,0,0,0,0,0,0,0,0,0,0,0,0,0,0,0,0,62,62,0.000000,0.000000,0.000000,0.000000,1.000000,0.000000,0.000000,75,91,1.000000,0.000000,0.750000,0.175824,0.000000,0.010989,0.000000,0.00000
1.767126,udp,443,SF,0,0,0,0,0,0,0,0,0,0,0,0,0,0,0,0,0,0,63,63,0.000000,0.000000,0.000000,0.000000,1.000000,0.000000,0.000000,75,91,1.000000,0.000000,0.750000,0.175824,0.000000,0.010989,0.000000,0.00000
1.767129,udp,443,SF,0,1252,0,0,0,0,0,0,0,0,0,0,0,0,0,0,0,0,64,64,0.000000,0.000000,0.000000,0.000000,1.000000,0.000000,0.000000,75,91,1.000000,0.000000,0.750000,0.175824,0.000000,0.010989,0.000000,0.00000
1.767200,udp,443,SF,0,0,0,0,0,0,0,0,0,0,0,0,0,0,0,0,0,0,65,65,0.000000,0.000000,0.000000,0.000000,1.000000,0.000000,0.000000,75,91,1.000000,0.000000,0.750000,0.175824,0.000000,0.010989,0.000000,0.00000
1.767869,udp,443,SF,0,1252,0,0,0,0,0,0,0,0,0,0,0,0,0,0,0,0,66,66,0.000000,0.000000,0.000000,0.000000,1.000000,0.000000,0.000000,75,91,1.000000,0.000000,0.750000,0.175824,0.000000,0.010989,0.000000,0.00000
1.767881,udp,443,SF,0,1252,0,0,0,0,0,0,0,0,0,0,0,0,0,0,0,0,67,67,0.000000,0.000000,0.000000,0.000000,1.000000,0.000000,0.000000,75,91,1.000000,0.000000,0.750000,0.175824,0.000000,0.010989,0.000000,0.00000
1.767896,udp,443,SF,0,1252,0,0,0,0,0,0,0,0,0,0,0,0,0,0,0,0,68,68,0.000000,0.000000,0.000000,0.000000,1.000000,0.000000,0.000000,75,91,1.000000,0.000000,0.750000,0.175824,0.000000,0.010989,0.000000,0.00000
1.767900,udp,443,SF,0,1252,0,0,0,0,0,0,0,0,0,0,0,0,0,0,0,0,69,69,0.000000,0.000000,0.000000,0.000000,1.000000,0.000000,0.000000,75,91,1.000000,0.000000,0.750000,0.175824,0.000000,0.010989,0.000000,0.00000
1.767904,udp,443,SF,0,1121,0,0,0,0,0,0,0,0,0,0,0,0,0,0,0,0,70,70,0.000000,0.000000,0.000000,0.000000,1.000000,0.000000,0.000000,75,91,1.000000,0.000000,0.750000,0.175824,0.000000,0.010989,0.000000,0.00000
1.773414,udp,443,SF,0,0,0,0,0,0,0,0,0,0,0,0,0,0,0,0,0,0,71,71,0.000000,0.000000,0.000000,0.000000,1.000000,0.000000,0.000000,75,91,1.000000,0.000000,0.750000,0.175824,0.000000,0.010989,0.000000,0.00000
0.000000,udp,5353,S0,0,0,0,0,0,0,0,0,0,0,0,0,0,0,0,0,0,0,0,0,0.000000,0.000000,0.000000,0.000000,0.000000,0.000000,0.000000,1,2,1.000000,0.000000,0.020000,0.500000,1.000000,1.000000,0.000000,0.00000
0.000000,udp,5353,S0,0,0,0,0,0,0,0,0,0,0,0,0,0,0,0,0,0,0,0,1,0.000000,1.000000,0.000000,0.000000,0.000000,0.000000,1.000000,1,3,1.000000,0.000000,0.030000,0.666667,1.000000,1.000000,0.000000,0.00000
1.785161,udp,443,SF,0,1252,0,0,0,0,0,0,0,0,0,0,0,0,0,0,0,0,72,72,0.000000,0.000000,0.000000,0.000000,1.000000,0.000000,0.000000,74,89,1.000000,0.000000,0.740000,0.168539,0.000000,0.011236,0.000000,0.00000
1.786016,udp,443,SF,0,1252,0,0,0,0,0,0,0,0,0,0,0,0,0,0,0,0,73,73,0.000000,0.000000,0.000000,0.000000,1.000000,0.000000,0.000000,74,89,1.000000,0.000000,0.740000,0.168539,0.000000,0.011236,0.000000,0.00000
1.786029,udp,443,SF,0,1252,0,0,0,0,0,0,0,0,0,0,0,0,0,0,0,0,74,74,0.000000,0.000000,0.000000,0.000000,1.000000,0.000000,0.000000,74,89,1.000000,0.000000,0.740000,0.168539,0.000000,0.011236,0.000000,0.00000
1.786044,udp,443,SF,0,1252,0,0,0,0,0,0,0,0,0,0,0,0,0,0,0,0,75,75,0.000000,0.000000,0.000000,0.000000,1.000000,0.000000,0.000000,75,89,1.000000,0.000000,0.750000,0.157303,0.000000,0.011236,0.000000,0.00000
1.786048,udp,443,SF,0,1252,0,0,0,0,0,0,0,0,0,0,0,0,0,0,0,0,76,76,0.000000,0.000000,0.000000,0.000000,1.000000,0.000000,0.000000,76,90,1.000000,0.000000,0.760000,0.155556,0.000000,0.011111,0.000000,0.00000
1.786559,udp,443,SF,0,658,0,0,0,0,0,0,0,0,0,0,0,0,0,0,0,0,77,77,0.000000,0.000000,0.000000,0.000000,1.000000,0.000000,0.000000,77,91,1.000000,0.000000,0.770000,0.153846,0.000000,0.010989,0.000000,0.00000
1.786567,udp,443,SF,0,129,0,0,0,0,0,0,0,0,0,0,0,0,0,0,0,0,78,78,0.000000,0.000000,0.000000,0.000000,1.000000,0.000000,0.000000,78,91,1.000000,0.000000,0.780000,0.142857,0.000000,0.010989,0.000000,0.00000
1.786582,udp,443,SF,0,123,0,0,0,0,0,0,0,0,0,0,0,0,0,0,0,0,79,79,0.000000,0.000000,0.000000,0.000000,1.000000,0.000000,0.000000,79,91,1.000000,0.000000,0.790000,0.131868,0.000000,0.010989,0.000000,0.00000
1.786585,udp,443,SF,0,206,0,0,0,0,0,0,0,0,0,0,0,0,0,0,0,0,80,80,0.000000,0.000000,0.000000,0.000000,1.000000,0.000000,0.000000,80,91,1.000000,0.000000,0.800000,0.120879,0.000000,0.010989,0.000000,0.00000
1.786589,udp,443,SF,0,116,0,0,0,0,0,0,0,0,0,0,0,0,0,0,0,0,81,81,0.000000,0.000000,0.000000,0.000000,1.000000,0.000000,0.000000,81,92,1.000000,0.000000,0.810000,0.119565,0.000000,0.010870,0.000000,0.00000
1.786658,udp,443,SF,0,0,0,0,0,0,0,0,0,0,0,0,0,0,0,0,0,0,82,82,0.000000,0.000000,0.000000,0.000000,1.000000,0.000000,0.000000,82,93,1.000000,0.000000,0.820000,0.118280,0.000000,0.010753,0.000000,0.00000
1.787391,udp,443,SF,0,98,0,0,0,0,0,0,0,0,0,0,0,0,0,0,0,0,83,83,0.000000,0.000000,0.000000,0.000000,1.000000,0.000000,0.000000,83,93,1.000000,0.000000,0.830000,0.107527,0.000000,0.000000,0.000000,0.00000
1.787398,udp,443,SF,0,122,0,0,0,0,0,0,0,0,0,0,0,0,0,0,0,0,84,84,0.000000,0.000000,0.000000,0.000000,1.000000,0.000000,0.000000,84,94,1.000000,0.000000,0.840000,0.106383,0.000000,0.000000,0.000000,0.00000
1.789450,udp,443,SF,0,874,0,0,0,0,0,0,0,0,0,0,0,0,0,0,0,0,85,85,0.000000,0.000000,0.000000,0.000000,1.000000,0.000000,0.000000,85,95,1.000000,0.000000,0.850000,0.105263,0.000000,0.000000,0.000000,0.00000
1.791974,udp,443,SF,0,458,0,0,0,0,0,0,0,0,0,0,0,0,0,0,0,0,86,86,0.000000,0.000000,0.000000,0.000000,1.000000,0.000000,0.000000,85,95,1.000000,0.000000,0.850000,0.105263,0.000000,0.000000,0.000000,0.00000
1.791997,udp,443,SF,0,111,0,0,0,0,0,0,0,0,0,0,0,0,0,0,0,0,87,87,0.000000,0.000000,0.000000,0.000000,1.000000,0.000000,0.000000,85,95,1.000000,0.000000,0.850000,0.105263,0.000000,0.000000,0.000000,0.00000
1.792002,udp,443,SF,0,500,0,0,0,0,0,0,0,0,0,0,0,0,0,0,0,0,88,88,0.000000,0.000000,0.000000,0.000000,1.000000,0.000000,0.000000,85,95,1.000000,0.000000,0.850000,0.105263,0.000000,0.000000,0.000000,0.00000
1.792006,udp,443,SF,0,128,0,0,0,0,0,0,0,0,0,0,0,0,0,0,0,0,89,89,0.000000,0.000000,0.000000,0.000000,1.000000,0.000000,0.000000,85,95,1.000000,0.000000,0.850000,0.105263,0.000000,0.000000,0.000000,0.00000
1.792798,udp,443,SF,0,427,0,0,0,0,0,0,0,0,0,0,0,0,0,0,0,0,90,90,0.000000,0.000000,0.000000,0.000000,1.000000,0.000000,0.000000,86,95,1.000000,0.000000,0.860000,0.094737,0.000000,0.000000,0.000000,0.00000
1.794197,udp,443,SF,0,0,0,0,0,0,0,0,0,0,0,0,0,0,0,0,0,0,91,91,0.000000,0.000000,0.000000,0.000000,1.000000,0.000000,0.000000,87,95,1.000000,0.000000,0.870000,0.084211,0.000000,0.000000,0.000000,0.00000
1.795373,udp,443,SF,0,1252,0,0,0,0,0,0,0,0,0,0,0,0,0,0,0,0,92,92,0.000000,0.000000,0.000000,0.000000,1.000000,0.000000,0.000000,88,95,1.000000,0.000000,0.880000,0.073684,0.000000,0.000000,0.000000,0.00000
1.797102,udp,443,SF,0,1252,0,0,0,0,0,0,0,0,0,0,0,0,0,0,0,0,93,93,0.000000,0.000000,0.000000,0.000000,1.000000,0.000000,0.000000,89,95,1.000000,0.000000,0.890000,0.063158,0.000000,0.000000,0.000000,0.00000
1.797126,udp,443,SF,0,1252,0,0,0,0,0,0,0,0,0,0,0,0,0,0,0,0,94,94,0.000000,0.000000,0.000000,0.000000,1.000000,0.000000,0.000000,89,95,1.000000,0.000000,0.890000,0.063158,0.000000,0.000000,0.000000,0.00000
1.797131,udp,443,SF,0,1252,0,0,0,0,0,0,0,0,0,0,0,0,0,0,0,0,95,95,0.000000,0.000000,0.000000,0.000000,1.000000,0.000000,0.000000,90,96,1.000000,0.000000,0.900000,0.062500,0.000000,0.000000,0.000000,0.00000
